0.00335185
0.00620969
0.00833497
0.00966259
0.010227
0.010127
0.00949379
0.00847145
0.00720055
0.00580732
0.00439777
0.00305477
0.00183688
0.000782528
-8.87823e-05
-0.000772424
-0.0012761
-0.00161421
-0.001807
-0.00187852
-0.00185283
-0.00175136
-0.00159611
-0.00140542
-0.001195
-0.00097767
-0.000764638
-0.000562533
-0.000381795
-0.000215633
-8.92221e-05
3.84581e-05
9.66458e-05
0.0001892
0.000194526
0.000227854
0.00022915
0.000190869
0.000185465
0.000148103
9.05549e-05
6.8165e-05
3.31563e-05
-2.17925e-05
-4.5266e-05
-5.37977e-05
-8.29082e-05
-0.000103633
-9.34458e-05
-8.33064e-05
-8.67449e-05
-7.6753e-05
-4.40084e-05
-1.29543e-05
6.95728e-06
3.48539e-05
7.85533e-05
0.000119956
0.00015061
-1.81237e-05
