0 24.5 0 -21.7051
0.002 24.2951 -2.43379 -21.0244
0.004 24.0879 -4.72798 -20.3697
0.006 23.8784 -6.88911 -19.7401
0.008 23.667 -8.92345 -19.1348
0.01 23.4539 -10.837 -18.5532
0.012 23.2393 -12.6356 -17.9935
0.014 23.0234 -14.3247 -17.4559
0.016 22.8065 -15.9096 -16.9399
0.018 22.5887 -17.3954 -16.4428
0.02 22.3701 -18.7869 -15.9633
0.022 22.1511 -20.0884 -15.5067
0.024 21.9316 -21.3049 -15.066
0.026 21.7119 -22.4403 -14.6282
0.028 21.4921 -23.4971 -14.2134
0.03 21.2723 -24.4799 -13.8146
0.032 21.0527 -25.3925 -13.4352
0.034 20.8334 -26.2388 -13.0686
0.036 20.6144 -27.0219 -12.7141
0.038 20.396 -27.745 -12.3759
0.04 20.1781 -28.4113 -12.0451
0.042 19.961 -29.0232 -11.7287
0.044 19.7446 -29.5838 -11.4235
0.046 19.5291 -30.0955 -11.1264
0.048 19.3145 -30.5606 -10.8437
0.05 19.1009 -30.982 -10.569
0.052 18.8883 -31.3615 -10.301
0.054 18.6769 -31.7012 -10.0459
0.056 18.4667 -32.0034 -9.79883
0.058 18.2577 -32.27 -9.55716
0.06 18.05 -32.5027 -9.32606
0.062 17.8437 -32.7033 -9.10322
0.064 17.6388 -32.8738 -8.88437
0.066 17.4352 -33.0153 -8.67376
0.068 17.2331 -33.1295 -8.47318
0.07 17.0326 -33.2182 -8.27711
0.072 16.8335 -33.2826 -8.08461
0.074 16.636 -33.3238 -7.90045
0.076 16.4401 -33.3433 -7.72439
0.078 16.2458 -33.3425 -7.55191
0.08 16.0531 -33.3224 -7.38325
0.082 15.8621 -33.2839 -7.22206
0.084 15.6727 -33.2283 -7.0675
0.086 15.485 -33.1568 -6.91561
0.088 15.299 -33.0702 -6.76649
0.09 15.1147 -32.9691 -6.62377
0.092 14.9321 -32.8546 -6.48801
0.094 14.7512 -32.7279 -6.35557
0.096 14.5721 -32.5896 -6.22426
0.098 14.3947 -32.4402 -6.09628
0.1 14.219 -32.2804 -5.97428
0.102 14.0451 -32.111 -5.85728
0.104 13.8729 -31.9329 -5.74225
0.106 13.7025 -31.7465 -5.62846
0.108 13.5338 -31.5522 -5.51808
0.11 13.3668 -31.3506 -5.41278
0.112 13.2016 -31.1424 -5.31127
0.114 13.0381 -30.9283 -5.21095
0.116 12.8763 -30.7084 -5.11113
0.118 12.7163 -30.4831 -5.01374
0.12 12.558 -30.2527 -4.92089
0.122 12.4014 -30.018 -4.83236
0.124 12.2466 -29.7793 -4.7459
0.126 12.0934 -29.5372 -4.65963
0.128 11.9419 -29.2918 -4.57388
0.13 11.7921 -29.043 -4.49054
0.132 11.644 -28.7914 -4.41104
0.134 11.4975 -28.5375 -4.3349
0.136 11.3527 -28.2816 -4.26038
0.138 11.2096 -28.024 -4.18614
0.14 11.0681 -27.7647 -4.11242
0.142 10.9282 -27.504 -4.04064
0.144 10.7899 -27.242 -3.97207
0.146 10.6532 -26.979 -3.90663
0.148 10.5182 -26.7156 -3.843
0.15 10.3847 -26.452 -3.77966
0.152 10.2527 -26.188 -3.716
0.154 10.1223 -25.9238 -3.65272
0.156 9.99349 -25.6594 -3.59124
0.158 9.86617 -25.3949 -3.53263
0.16 9.74038 -25.1307 -3.4769
0.162 9.61608 -24.8672 -3.42309
0.164 9.49327 -24.6045 -3.36989
0.166 9.37194 -24.3426 -3.31642
0.168 9.25207 -24.0816 -3.26273
0.17 9.13364 -23.8213 -3.20961
0.172 9.01665 -23.5619 -3.15812
0.174 8.90108 -23.3034 -3.1089
0.176 8.78692 -23.0461 -3.06191
0.178 8.67415 -22.7902 -3.01645
0.18 8.56276 -22.5359 -2.97162
0.182 8.45273 -22.2832 -2.92668
0.184 8.34406 -22.032 -2.88147
0.186 8.23672 -21.7823 -2.83637
0.188 8.13071 -21.534 -2.79212
0.19 8.026 -21.2872 -2.74944
0.192 7.92259 -21.042 -2.70876
0.194 7.82047 -20.7986 -2.67006
0.196 7.71961 -20.5573 -2.63285
0.198 7.62001 -20.318 -2.59645
0.2 7.52165 -20.0809 -2.56015
0.202 7.42452 -19.8458 -2.52346
0.204 7.3286 -19.6128 -2.48623
0.206 7.23388 -19.3817 -2.44867
0.208 7.14034 -19.1523 -2.4112
0.21 7.04798 -18.9247 -2.37438
0.212 6.95678 -18.6989 -2.33866
0.214 6.86672 -18.475 -2.30436
0.216 6.7778 -18.253 -2.27152
0.218 6.69001 -18.0331 -2.24001
0.22 6.60332 -17.8154 -2.20949
0.222 6.51772 -17.6 -2.17955
0.224 6.43322 -17.3868 -2.14978
0.226 6.34978 -17.1758 -2.11985
0.228 6.2674 -16.9669 -2.08953
0.23 6.18606 -16.7601 -2.05873
0.232 6.10575 -16.5552 -2.02751
0.234 6.02647 -16.3521 -1.996
0.236 5.9482 -16.1507 -1.9644
0.238 5.87092 -15.9511 -1.93297
0.24 5.79463 -15.7531 -1.90193
0.242 5.71931 -15.5568 -1.87149
0.244 5.64496 -15.3621 -1.84181
0.246 5.57157 -15.1692 -1.81302
0.248 5.49912 -14.9781 -1.78516
0.25 5.4276 -14.7889 -1.75825
0.252 5.357 -14.6015 -1.73228
0.254 5.28731 -14.4161 -1.7072
0.256 5.21852 -14.2327 -1.68294
0.258 5.15062 -14.0514 -1.65944
0.26 5.0836 -13.8721 -1.63662
0.262 5.01745 -13.695 -1.6144
0.264 4.95215 -13.5199 -1.59272
0.266 4.88769 -13.347 -1.57153
0.268 4.82408 -13.1762 -1.55077
0.27 4.76128 -13.0075 -1.5304
0.272 4.6993 -12.8409 -1.51038
0.274 4.63812 -12.6764 -1.49069
0.276 4.57773 -12.514 -1.4713
0.278 4.51813 -12.3536 -1.45219
0.28 4.4593 -12.1952 -1.43335
0.282 4.40123 -12.0389 -1.41478
0.284 4.34391 -11.8845 -1.39645
0.286 4.28734 -11.7321 -1.37837
0.288 4.23149 -11.5816 -1.36053
0.29 4.17638 -11.433 -1.34292
0.292 4.12197 -11.2864 -1.32554
0.294 4.06827 -11.1415 -1.30838
0.296 4.01527 -10.9986 -1.29145
0.298 3.96295 -10.8574 -1.27473
0.3 3.91131 -10.7181 -1.25822
0.302 3.86034 -10.5805 -1.24193
0.304 3.81004 -10.4446 -1.22585
0.306 3.76038 -10.3105 -1.20997
0.308 3.71137 -10.1781 -1.1943
0.31 3.66299 -10.0474 -1.17883
0.312 3.61524 -9.91838 -1.16356
0.314 3.56811 -9.79097 -1.14848
0.316 3.52159 -9.66518 -1.1336
0.318 3.47567 -9.541 -1.11891
0.32 3.43035 -9.41839 -1.1044
0.322 3.38561 -9.29735 -1.09008
0.324 3.34146 -9.17785 -1.07595
0.326 3.29788 -9.05987 -1.062
0.328 3.25486 -8.9434 -1.04823
0.33 3.2124 -8.82841 -1.03463
0.332 3.1705 -8.71488 -1.02121
0.334 3.12913 -8.6028 -1.00796
0.336 3.08831 -8.49215 -0.994878
0.338 3.04801 -8.38291 -0.981965
0.34 3.00824 -8.27506 -0.96922
0.342 2.96898 -8.16859 -0.956638
0.344 2.93024 -8.06348 -0.944217
0.346 2.892 -7.9597 -0.931958
0.348 2.85425 -7.85725 -0.919856
0.35 2.817 -7.7561 -0.90791
0.352 2.78023 -7.65625 -0.896116
0.354 2.74394 -7.55767 -0.884475
0.356 2.70812 -7.46034 -0.872981
0.358 2.67276 -7.36426 -0.861635
0.36 2.63787 -7.26941 -0.850436
0.362 2.60343 -7.17576 -0.839382
0.364 2.56944 -7.08331 -0.82847
0.366 2.53589 -6.99204 -0.817698
0.368 2.50278 -6.90194 -0.807068
0.37 2.4701 -6.81298 -0.796572
0.372 2.43785 -6.72517 -0.786209
0.374 2.40601 -6.63847 -0.775981
0.376 2.3746 -6.55288 -0.765885
0.378 2.34359 -6.46838 -0.755915
0.38 2.31298 -6.38497 -0.746079
0.382 2.28278 -6.30262 -0.736369
0.384 2.25296 -6.22132 -0.726782
0.386 2.22354 -6.14106 -0.71732
0.388 2.1945 -6.06182 -0.707982
0.39 2.16584 -5.9836 -0.698759
0.392 2.13755 -5.90638 -0.689656
0.394 2.10963 -5.83014 -0.680673
0.396 2.08207 -5.75488 -0.671802
0.398 2.05488 -5.68059 -0.663048
0.4 2.02804 -5.60724 -0.654409
0.402 2.00155 -5.53483 -0.64588
0.404 1.9754 -5.46335 -0.637459
0.406 1.94959 -5.39278 -0.629151
0.408 1.92412 -5.32311 -0.620946
0.41 1.89899 -5.25434 -0.612845
0.412 1.87418 -5.18644 -0.60485
0.414 1.84969 -5.11942 -0.59696
0.416 1.82552 -5.05325 -0.58917
0.418 1.80167 -4.98793 -0.581482
0.42 1.77812 -4.92344 -0.573895
0.422 1.75489 -4.85979 -0.566406
0.424 1.73195 -4.79694 -0.559012
0.426 1.70932 -4.7349 -0.551712
0.428 1.68697 -4.67366 -0.544508
0.43 1.66492 -4.6132 -0.537395
0.432 1.64316 -4.55351 -0.530374
0.434 1.62168 -4.49459 -0.523446
0.436 1.60047 -4.43643 -0.516609
0.438 1.57954 -4.37901 -0.509858
0.44 1.55889 -4.32233 -0.503196
0.442 1.5385 -4.26637 -0.496618
0.444 1.51838 -4.21113 -0.490124
0.446 1.49852 -4.1566 -0.483715
0.448 1.47892 -4.10276 -0.477389
0.45 1.45957 -4.04962 -0.471144
0.452 1.44047 -3.99716 -0.464984
0.454 1.42162 -3.94537 -0.458902
0.456 1.40302 -3.89425 -0.452897
0.458 1.38466 -3.84378 -0.446972
0.46 1.36653 -3.79396 -0.441123
0.462 1.34864 -3.74478 -0.435346
0.464 1.33099 -3.69623 -0.429645
0.466 1.31356 -3.64831 -0.424022
0.468 1.29636 -3.601 -0.418468
0.47 1.27939 -3.5543 -0.412988
0.472 1.26263 -3.50819 -0.40758
0.474 1.24609 -3.46268 -0.402241
0.476 1.22977 -3.41775 -0.396968
0.478 1.21366 -3.3734 -0.391766
0.48 1.19776 -3.32963 -0.38663
0.482 1.18207 -3.28641 -0.381563
0.484 1.16659 -3.24375 -0.376562
0.486 1.1513 -3.20163 -0.371625
0.488 1.13621 -3.16006 -0.366753
0.49 1.12133 -3.11902 -0.361943
0.492 1.10663 -3.07851 -0.357194
0.494 1.09213 -3.03852 -0.352506
0.496 1.07782 -2.99905 -0.347879
0.498 1.06369 -2.96008 -0.343313
0.5 1.04975 -2.92161 -0.338809
0.502 1.036 -2.88364 -0.334362
0.504 1.02242 -2.84616 -0.329972
0.506 1.00902 -2.80916 -0.32564
0.508 0.995797 -2.77264 -0.321363
0.51 0.982746 -2.73658 -0.317139
0.512 0.969867 -2.70099 -0.312973
0.514 0.957158 -2.66586 -0.308861
0.516 0.944615 -2.63118 -0.304802
0.518 0.932236 -2.59695 -0.300799
0.52 0.920021 -2.56315 -0.296846
0.522 0.907965 -2.5298 -0.292941
0.524 0.896068 -2.49687 -0.289088
0.526 0.884328 -2.46437 -0.285286
0.528 0.872741 -2.43228 -0.281532
0.53 0.861307 -2.40061 -0.277827
0.532 0.850023 -2.36935 -0.274174
0.534 0.838887 -2.33849 -0.270566
0.536 0.827897 -2.30803 -0.267006
0.538 0.817052 -2.27796 -0.263492
0.54 0.806349 -2.24827 -0.260022
0.542 0.795787 -2.21898 -0.256595
0.544 0.785363 -2.19005 -0.253217
0.546 0.775076 -2.16151 -0.249882
0.548 0.764924 -2.13333 -0.246591
0.55 0.754905 -2.10551 -0.243342
0.552 0.745018 -2.07805 -0.240134
0.554 0.735259 -2.05095 -0.236969
0.556 0.725629 -2.0242 -0.233845
0.558 0.716125 -1.99779 -0.23076
0.56 0.706745 -1.97172 -0.227716
0.562 0.697487 -1.94599 -0.224716
0.564 0.688351 -1.92059 -0.221754
0.566 0.679334 -1.89552 -0.218828
0.568 0.670435 -1.87077 -0.215939
0.57 0.661652 -1.84635 -0.213089
0.572 0.652983 -1.82224 -0.210275
0.574 0.644427 -1.79844 -0.207499
0.576 0.635983 -1.77494 -0.20476
0.578 0.627649 -1.75176 -0.202057
0.58 0.619424 -1.72887 -0.199389
0.582 0.611306 -1.70627 -0.196756
0.584 0.603293 -1.68397 -0.194157
0.586 0.595384 -1.66196 -0.191589
0.588 0.587579 -1.64023 -0.189054
0.59 0.579875 -1.61879 -0.186557
0.592 0.572271 -1.59762 -0.184094
0.594 0.564766 -1.57672 -0.181661
0.596 0.557358 -1.55609 -0.179259
0.598 0.550047 -1.53574 -0.176887
0.6 0.542831 -1.51564 -0.174546
0.602 0.535709 -1.49581 -0.172237
0.604 0.528679 -1.47623 -0.169958
0.606 0.521741 -1.4569 -0.167707
0.608 0.514893 -1.43783 -0.165488
0.61 0.508135 -1.419 -0.163301
0.612 0.501463 -1.40042 -0.161139
0.614 0.494879 -1.38208 -0.159002
0.616 0.488381 -1.36397 -0.156895
0.618 0.481968 -1.3461 -0.154817
0.62 0.475638 -1.32846 -0.152768
0.622 0.46939 -1.31105 -0.150747
0.624 0.463224 -1.29387 -0.148749
0.626 0.457139 -1.27691 -0.146776
0.628 0.451133 -1.26016 -0.14483
0.63 0.445206 -1.24364 -0.14291
0.632 0.439357 -1.22733 -0.141014
0.634 0.433583 -1.21123 -0.139141
0.636 0.427886 -1.19534 -0.137297
0.638 0.422263 -1.17966 -0.135479
0.64 0.416714 -1.16418 -0.133684
0.642 0.411238 -1.1489 -0.131907
0.644 0.405834 -1.13382 -0.130153
0.646 0.400501 -1.11893 -0.128425
0.648 0.395238 -1.10424 -0.126721
0.65 0.390045 -1.08974 -0.12504
0.652 0.384919 -1.07543 -0.12338
0.654 0.379862 -1.0613 -0.12174
0.656 0.374871 -1.04736 -0.120122
0.658 0.369946 -1.0336 -0.118526
0.66 0.365086 -1.02001 -0.11695
0.662 0.36029 -1.00661 -0.115394
0.664 0.355558 -0.993373 -0.113859
0.666 0.350888 -0.980313 -0.112347
0.668 0.34628 -0.967422 -0.110855
0.67 0.341733 -0.954699 -0.109381
0.672 0.337246 -0.942141 -0.107922
0.674 0.332819 -0.929747 -0.106486
0.676 0.32845 -0.917514 -0.105069
0.678 0.324139 -0.905441 -0.103672
0.68 0.319885 -0.893524 -0.102293
0.682 0.315687 -0.881762 -0.100931
0.684 0.311545 -0.870153 -0.0995836
0.686 0.307458 -0.858696 -0.0982561
0.688 0.303425 -0.847388 -0.0969487
0.69 0.299445 -0.836226 -0.0956564
0.692 0.295518 -0.825211 -0.0943815
0.694 0.291642 -0.814339 -0.093126
0.696 0.287818 -0.803608 -0.0918851
0.698 0.284045 -0.793017 -0.0906587
0.7 0.280321 -0.782564 -0.0894501
0.702 0.276646 -0.772247 -0.0882566
0.704 0.273019 -0.762065 -0.0870767
0.706 0.269441 -0.752015 -0.0859155
0.708 0.265909 -0.742097 -0.0847716
0.71 0.262424 -0.732308 -0.083641
0.712 0.258985 -0.722646 -0.0825218
0.714 0.255591 -0.71311 -0.0814187
0.716 0.252241 -0.703699 -0.080332
0.718 0.248935 -0.694411 -0.0792598
0.72 0.245672 -0.685243 -0.0782024
0.722 0.242452 -0.676196 -0.0771597
0.724 0.239275 -0.667266 -0.0761268
0.726 0.236138 -0.658453 -0.075105
0.728 0.233042 -0.649755 -0.0741026
0.73 0.229987 -0.641171 -0.0731148
0.732 0.226972 -0.632698 -0.0721359
0.734 0.223996 -0.624337 -0.071169
0.736 0.221058 -0.616084 -0.0702184
0.738 0.218159 -0.60794 -0.0692792
0.74 0.215297 -0.599901 -0.0683516
0.742 0.212473 -0.591968 -0.0674356
0.744 0.209685 -0.584139 -0.0665321
0.746 0.206933 -0.576412 -0.0656415
0.748 0.204218 -0.568786 -0.0647654
0.75 0.201537 -0.561259 -0.0638997
0.752 0.198891 -0.553831 -0.0630434
0.754 0.196279 -0.5465 -0.0621943
0.756 0.193702 -0.539265 -0.0613593
0.758 0.191157 -0.532125 -0.0605392
0.76 0.188646 -0.525078 -0.0597306
0.762 0.186167 -0.518124 -0.0589292
0.764 0.183721 -0.51126 -0.0581385
0.766 0.181307 -0.504486 -0.0573568
0.768 0.178923 -0.497801 -0.0565866
0.77 0.176571 -0.491204 -0.055831
0.772 0.17425 -0.484693 -0.0550837
0.774 0.171959 -0.478267 -0.054343
0.776 0.169698 -0.471926 -0.0536139
0.778 0.167466 -0.465667 -0.0528947
0.78 0.165264 -0.459491 -0.0521819
0.782 0.163091 -0.453395 -0.0514815
0.784 0.160945 -0.44738 -0.0507917
0.786 0.158829 -0.441443 -0.0501075
0.788 0.15674 -0.435584 -0.0494351
0.79 0.154679 -0.429802 -0.0487734
0.792 0.152645 -0.424096 -0.0481184
0.794 0.150637 -0.418465 -0.0474694
0.796 0.148657 -0.412907 -0.0468302
0.798 0.146703 -0.407423 -0.0461991
0.8 0.144774 -0.402011 -0.0455805
0.802 0.142872 -0.396669 -0.0449698
0.804 0.140994 -0.391398 -0.0443635
0.806 0.139142 -0.386196 -0.043764
0.808 0.137314 -0.381062 -0.0431728
0.81 0.13551 -0.375996 -0.0425915
0.812 0.133731 -0.370996 -0.0420212
0.814 0.131976 -0.366062 -0.0414585
0.816 0.130244 -0.361192 -0.0408967
0.818 0.128534 -0.356387 -0.0403439
0.82 0.126848 -0.351645 -0.0397996
0.822 0.125185 -0.346966 -0.0392648
0.824 0.123543 -0.342347 -0.0387377
0.826 0.121924 -0.33779 -0.0382168
0.828 0.120326 -0.333292 -0.0376989
0.83 0.118749 -0.328854 -0.0371899
0.832 0.117193 -0.324474 -0.0366874
0.834 0.115658 -0.320151 -0.0361916
0.836 0.114144 -0.315886 -0.0357054
0.838 0.112649 -0.311677 -0.0352243
0.84 0.111175 -0.307522 -0.0347477
0.842 0.109719 -0.303423 -0.03428
0.844 0.108283 -0.299378 -0.0338188
0.846 0.106866 -0.295386 -0.0333591
0.848 0.105468 -0.291447 -0.0329095
0.85 0.104088 -0.287559 -0.0324647
0.852 0.102725 -0.283723 -0.0320246
0.854 0.101381 -0.279937 -0.0315921
0.856 0.100055 -0.276201 -0.0311688
0.858 0.0987456 -0.272514 -0.0307442
0.86 0.0974532 -0.268876 -0.0303264
0.862 0.0961779 -0.265286 -0.0299157
0.864 0.0949188 -0.261744 -0.0295128
0.866 0.0936762 -0.258248 -0.0291162
0.868 0.0924496 -0.254798 -0.028724
0.87 0.0912391 -0.251393 -0.0283323
0.872 0.0900441 -0.248033 -0.0279444
0.874 0.0888644 -0.244719 -0.0275663
0.876 0.0876999 -0.241447 -0.0271946
0.878 0.0865505 -0.238219 -0.0268302
0.88 0.0854161 -0.235034 -0.0264653
0.882 0.0842961 -0.23189 -0.0261045
0.884 0.0831907 -0.228788 -0.025749
0.886 0.0820995 -0.225727 -0.0254013
0.888 0.0810225 -0.222707 -0.025058
0.89 0.0799591 -0.219726 -0.0247212
0.892 0.0789099 -0.216785 -0.0243852
0.894 0.0778743 -0.213883 -0.024052
0.896 0.0768523 -0.211019 -0.0237262
0.898 0.0758431 -0.208193 -0.0234046
0.9 0.0748473 -0.205404 -0.0230871
0.902 0.0738646 -0.202653 -0.022776
0.904 0.0728951 -0.199937 -0.022467
0.906 0.0719381 -0.197258 -0.0221585
0.908 0.0709937 -0.194614 -0.0218571
0.91 0.0700618 -0.192005 -0.0215616
0.912 0.0691424 -0.189431 -0.02127
0.914 0.0682351 -0.186891 -0.0209835
0.916 0.0673399 -0.184384 -0.020698
0.918 0.0664569 -0.18191 -0.0204137
0.92 0.0655858 -0.17947 -0.0201356
0.922 0.0647264 -0.177061 -0.0198622
0.924 0.0638781 -0.174685 -0.0195919
0.926 0.0630416 -0.17234 -0.0193265
0.928 0.0622164 -0.170026 -0.0190626
0.93 0.0614027 -0.167743 -0.0188016
0.932 0.0605998 -0.16549 -0.0185476
0.934 0.0598077 -0.163267 -0.0182964
0.936 0.0590263 -0.161074 -0.0180453
0.938 0.0582555 -0.15891 -0.0178007
0.94 0.0574954 -0.156774 -0.0175589
0.942 0.0567457 -0.154666 -0.017318
0.944 0.0560061 -0.152587 -0.0170825
0.946 0.0552762 -0.150535 -0.0168503
0.948 0.0545563 -0.148511 -0.0166194
0.95 0.0538461 -0.146513 -0.0163924
0.952 0.0531458 -0.144542 -0.0161705
0.954 0.0524546 -0.142597 -0.0159494
0.956 0.0517726 -0.140678 -0.0157332
0.958 0.0510995 -0.138785 -0.0155188
0.96 0.0504356 -0.136916 -0.0153065
0.962 0.0497804 -0.135072 -0.0150968
0.964 0.0491338 -0.133253 -0.0148905
0.966 0.0484955 -0.131458 -0.0146876
0.968 0.0478655 -0.129687 -0.0144878
0.97 0.0472438 -0.12794 -0.0142892
0.972 0.0466299 -0.126215 -0.0140919
0.974 0.046024 -0.124514 -0.0139005
0.976 0.0454257 -0.122836 -0.01371
0.978 0.044835 -0.121179 -0.013523
0.98 0.0442515 -0.119545 -0.0133399
0.982 0.0436757 -0.117932 -0.0131569
0.984 0.0431068 -0.116341 -0.0129735
0.986 0.0425451 -0.114772 -0.0127976
0.988 0.0419901 -0.113223 -0.0126244
0.99 0.0414421 -0.111694 -0.0124505
0.992 0.0409008 -0.110186 -0.0122809
0.994 0.0403662 -0.108699 -0.0121135
0.996 0.0398381 -0.10723 -0.0119448
0.998 0.0393165 -0.105782 -0.0117795
1 0.0388013 -0.104353 -0.0116205
1.002 0.0382922 -0.102943 -0.0114636
1.004 0.0377895 -0.101552 -0.0113089
1.006 0.0372929 -0.100179 -0.0111544
1.008 0.0368028 -0.0988247 -0.0109989
1.01 0.0363184 -0.0974885 -0.010846
1.012 0.0358401 -0.0961703 -0.0106981
1.014 0.0353677 -0.0948696 -0.0105525
1.016 0.0349016 -0.0935862 -0.0104088
1.018 0.0344413 -0.0923199 -0.0102655
1.02 0.0339868 -0.0910706 -0.0101238
1.022 0.0335381 -0.089838 -0.00998474
1.024 0.0330954 -0.088622 -0.00984884
1.026 0.0326585 -0.0874222 -0.00971498
1.028 0.0322272 -0.0862384 -0.0095826
1.03 0.031802 -0.0850703 -0.00944938
1.032 0.0313825 -0.0839179 -0.00931709
1.034 0.0309688 -0.0827812 -0.00918939
1.036 0.0305605 -0.0816595 -0.00906338
1.038 0.0301579 -0.080553 -0.00894045
1.04 0.0297611 -0.0794611 -0.00881902
1.042 0.0293702 -0.0783839 -0.00869927
1.044 0.0289848 -0.0773209 -0.00857705
1.046 0.0286047 -0.0762725 -0.00845783
1.048 0.02823 -0.075238 -0.00834101
1.05 0.0278609 -0.0742177 -0.00823073
1.052 0.0274975 -0.0732106 -0.0081192
1.054 0.0271394 -0.0722168 -0.00800442
1.056 0.0267867 -0.0712368 -0.00789241
1.058 0.0264388 -0.07027 -0.00778607
1.06 0.0260962 -0.0693158 -0.0076792
1.062 0.0257587 -0.0683745 -0.00757227
1.064 0.0254268 -0.067446 -0.00747028
1.066 0.0250995 -0.0665296 -0.0073652
1.068 0.0247769 -0.0656257 -0.00726098
1.07 0.024459 -0.0647341 -0.00716209
1.072 0.0241459 -0.0638545 -0.00706754
1.074 0.0238375 -0.0629862 -0.00696965
1.076 0.0235334 -0.0621298 -0.00687223
1.078 0.0232338 -0.0612849 -0.00677588
1.08 0.0229384 -0.0604514 -0.00668161
1.082 0.0226473 -0.059629 -0.00658826
1.084 0.0223598 -0.0588177 -0.00649686
1.086 0.0220765 -0.0580174 -0.00640922
1.088 0.021797 -0.0572277 -0.00632305
1.09 0.0215215 -0.0564484 -0.00623484
1.092 0.0212493 -0.0556797 -0.00614745
1.094 0.0209806 -0.0549216 -0.00606333
1.096 0.020715 -0.0541734 -0.00598014
1.098 0.0204529 -0.0534353 -0.00589803
1.1 0.0201942 -0.0527071 -0.0058162
1.102 0.0199385 -0.0519886 -0.00573356
1.104 0.0196859 -0.05128 -0.00565294
1.106 0.0194357 -0.0505809 -0.00557592
1.108 0.0191885 -0.0498911 -0.0054993
1.11 0.0189439 -0.0492107 -0.00542492
1.112 0.0187025 -0.0485393 -0.00535133
1.114 0.0184635 -0.0478769 -0.00527564
1.116 0.018227 -0.0472235 -0.00520094
1.118 0.0179927 -0.046579 -0.00512937
1.12 0.0177609 -0.0459431 -0.00505756
1.122 0.0175317 -0.0453157 -0.00498657
1.124 0.0173048 -0.044697 -0.00491868
1.126 0.0170803 -0.0440864 -0.00485018
1.128 0.016858 -0.0434841 -0.00478248
1.13 0.0166382 -0.0428901 -0.00471716
1.132 0.0164203 -0.0423039 -0.00465235
1.134 0.0162049 -0.0417258 -0.00458929
1.136 0.0159917 -0.0411554 -0.00452704
1.138 0.015781 -0.0405926 -0.00446355
1.14 0.0155726 -0.0400374 -0.00439977
1.142 0.0153664 -0.03949 -0.00433982
1.144 0.0151625 -0.0389498 -0.00427901
1.146 0.0149608 -0.038417 -0.00421964
1.148 0.0147617 -0.0378914 -0.00416196
1.15 0.0145648 -0.0373728 -0.00410414
1.152 0.0143707 -0.0368613 -0.004047
1.154 0.0141788 -0.0363568 -0.00399194
1.156 0.0139894 -0.0358591 -0.00393732
1.158 0.0138022 -0.035368 -0.00388205
1.16 0.0136178 -0.0348838 -0.00382964
1.162 0.013436 -0.0344059 -0.00377553
1.164 0.0132567 -0.0339346 -0.00372143
1.166 0.0130801 -0.0334697 -0.00366821
1.168 0.0129059 -0.0330113 -0.00361786
1.17 0.0127344 -0.0325589 -0.00356879
1.172 0.0125653 -0.0321127 -0.00351998
1.174 0.0123991 -0.0316725 -0.00347139
1.176 0.0122353 -0.0312383 -0.00342417
1.178 0.0120744 -0.0308101 -0.00337811
1.18 0.0119159 -0.0303875 -0.00333043
1.182 0.01176 -0.0299708 -0.0032854
1.184 0.0116065 -0.0295596 -0.00323963
1.186 0.0114557 -0.029154 -0.00319182
1.188 0.0113073 -0.028754 -0.00314564
1.19 0.0111615 -0.0283597 -0.00310463
1.192 0.0110183 -0.0279703 -0.00306148
1.194 0.0108773 -0.0275863 -0.00301831
1.196 0.0107386 -0.0272076 -0.00297697
1.198 0.0106017 -0.026834 -0.00293677
1.2 0.0104676 -0.0264653 -0.00289451
1.202 0.0103358 -0.0261019 -0.00285401
1.204 0.0102062 -0.0257432 -0.00281345
1.206 0.0100783 -0.0253897 -0.00277607
1.208 0.00995209 -0.0250406 -0.00273764
1.21 0.00982802 -0.0246963 -0.00269764
1.212 0.00970585 -0.0243568 -0.00265857
1.214 0.00958582 -0.0240221 -0.00262281
1.216 0.00946722 -0.0236916 -0.00258581
1.218 0.00935039 -0.0233658 -0.00255039
1.22 0.00923469 -0.0230444 -0.00251795
1.222 0.00912064 -0.0227271 -0.00248146
1.224 0.00900807 -0.0224143 -0.00244488
1.226 0.0088972 -0.0221059 -0.00241228
1.228 0.00878771 -0.0218016 -0.00238036
1.23 0.00867919 -0.0215012 -0.00234623
1.232 0.00857187 -0.0212051 -0.00231294
1.234 0.00846548 -0.020913 -0.00227896
1.236 0.00836062 -0.0206249 -0.00224655
1.238 0.00825676 -0.0203409 -0.00221685
1.24 0.00815427 -0.0200603 -0.00218376
1.242 0.00805249 -0.0197838 -0.00215224
1.244 0.00795164 -0.0195113 -0.00212501
1.246 0.00785162 -0.0192421 -0.00209526
1.248 0.00775271 -0.0189766 -0.00206359
1.25 0.00765508 -0.0187152 -0.00203733
1.252 0.00755822 -0.0184569 -0.00201021
1.254 0.00746233 -0.0182021 -0.00197987
1.256 0.00736698 -0.0179511 -0.00195371
1.258 0.00727288 -0.0177034 -0.00192809
1.26 0.00717958 -0.0174588 -0.00189976
1.262 0.00708754 -0.0172178 -0.00187232
1.264 0.00699634 -0.0169802 -0.00184669
1.266 0.0069061 -0.0167457 -0.00182079
1.268 0.00681672 -0.0165144 -0.00179442
1.27 0.00672821 -0.0162862 -0.00176744
1.272 0.0066411 -0.0160614 -0.00174332
1.274 0.00655495 -0.0158396 -0.00172238
1.276 0.00647005 -0.0156205 -0.00169777
1.278 0.00638575 -0.0154046 -0.00167287
1.28 0.00630276 -0.0151919 -0.00165129
1.282 0.00622088 -0.0149818 -0.00162752
1.284 0.00614032 -0.0147746 -0.00160296
1.286 0.00606077 -0.0145705 -0.00158192
1.288 0.00598224 -0.0143689 -0.00155902
1.29 0.00590508 -0.0141702 -0.00153569
1.292 0.00582891 -0.0139745 -0.00151679
1.294 0.00575411 -0.0137811 -0.0014963
1.296 0.00568017 -0.0135903 -0.00147357
1.298 0.0056077 -0.0134024 -0.00145441
1.3 0.00553617 -0.0132169 -0.00143372
1.302 0.00546589 -0.0130339 -0.00141274
1.304 0.00539668 -0.0128537 -0.00139551
1.306 0.00532863 -0.0126757 -0.00137649
1.308 0.00526173 -0.0125 -0.00135403
1.31 0.00519559 -0.0123272 -0.00133593
1.312 0.0051307 -0.0121565 -0.00131835
1.314 0.0050667 -0.011988 -0.0012983
1.316 0.00500402 -0.0118221 -0.00128067
1.318 0.00494191 -0.0116582 -0.00126232
1.32 0.00488075 -0.0114967 -0.00124373
1.322 0.00482039 -0.0113374 -0.00122639
1.324 0.00476099 -0.0111804 -0.00121006
1.326 0.00470243 -0.0110253 -0.0011918
1.328 0.00464435 -0.0108726 -0.00117704
1.33 0.0045872 -0.0107217 -0.00115952
1.332 0.0045305 -0.0105732 -0.00114379
1.334 0.00447471 -0.0104266 -0.00112945
1.336 0.0044192 -0.0102819 -0.00111436
1.338 0.00436439 -0.0101392 -0.00109741
1.34 0.00430998 -0.00999872 -0.00108372
1.342 0.00425611 -0.00985983 -0.0010673
1.344 0.00420279 -0.00972298 -0.00105024
1.346 0.00414974 -0.00958828 -0.00103738
1.348 0.00409727 -0.00945507 -0.00102229
1.35 0.00404485 -0.00932379 -0.00100641
1.352 0.00399312 -0.00919443 -0.000991855
1.354 0.00394157 -0.00906683 -0.000977998
1.356 0.00389057 -0.00894093 -0.000963805
1.358 0.00383969 -0.00881699 -0.000953237
1.36 0.00378914 -0.00869437 -0.000939175
1.362 0.00373912 -0.00857367 -0.000925568
1.364 0.00368936 -0.00845476 -0.000914606
1.366 0.00364015 -0.0083372 -0.000900961
1.368 0.00359097 -0.00822142 -0.000887436
1.37 0.00354247 -0.00810744 -0.000877236
1.372 0.00349417 -0.00799472 -0.00086485
1.374 0.00344656 -0.00788365 -0.000851646
1.376 0.00339938 -0.00777445 -0.000843604
1.378 0.00335277 -0.00766626 -0.00083156
1.38 0.00330668 -0.00755962 -0.000816255
1.382 0.00326081 -0.0074548 -0.000803844
1.384 0.00321584 -0.00735133 -0.000792308
1.386 0.0031715 -0.00724927 -0.000781162
1.388 0.00312823 -0.00714876 -0.000772657
1.39 0.00308522 -0.00704931 -0.000760947
1.392 0.0030429 -0.00695141 -0.000748707
1.394 0.00300139 -0.00685512 -0.000740476
1.396 0.0029609 -0.00675984 -0.000730536
1.398 0.00292138 -0.0066659 -0.000718908
1.4 0.00288236 -0.00657357 -0.000711121
1.402 0.00284448 -0.00648218 -0.000701116
1.404 0.00280733 -0.00639215 -0.000690414
1.406 0.00277137 -0.00630362 -0.000683444
1.408 0.00273602 -0.00621599 -0.000674483
1.41 0.00270178 -0.00612952 -0.000662389
1.412 0.00266863 -0.00604462 -0.000653757
1.414 0.00263638 -0.00596071 -0.000645324
1.416 0.00260506 -0.00587787 -0.000635547
1.418 0.00257432 -0.00579637 -0.000627854
1.42 0.00254494 -0.00571575 -0.000617703
1.422 0.00251634 -0.00563635 -0.000607089
1.424 0.00248886 -0.00555822 -0.000599137
1.426 0.00246191 -0.00548099 -0.000590741
1.428 0.00243575 -0.00540477 -0.000580833
1.43 0.00241043 -0.00532989 -0.000574621
1.432 0.0023858 -0.00525574 -0.000566762
1.434 0.0023622 -0.0051827 -0.00055894
1.436 0.002339 -0.00511072 -0.000552077
1.438 0.00231656 -0.00503956 -0.000543365
1.44 0.00229421 -0.00496948 -0.000534398
1.442 0.00227253 -0.00490063 -0.000530047
1.444 0.00225134 -0.00483229 -0.000522613
1.446 0.0022307 -0.00476498 -0.00051375
1.448 0.00221042 -0.00469881 -0.000507387
1.45 0.00218997 -0.00463338 -0.000500514
1.452 0.00216982 -0.00456881 -0.000492468
1.454 0.00214955 -0.00450537 -0.000487631
1.456 0.00212983 -0.00444246 -0.00047979
1.458 0.00211002 -0.00438052 -0.000470969
1.46 0.00209016 -0.00431963 -0.000464616
1.462 0.00206994 -0.00425941 -0.000457814
1.464 0.00204939 -0.00419998 -0.000449867
1.466 0.00202904 -0.00414159 -0.000444804
1.468 0.00200838 -0.00408375 -0.000438024
1.47 0.00198765 -0.00402677 -0.000430516
1.472 0.0019661 -0.00397086 -0.000427251
1.474 0.00194436 -0.00391536 -0.000421861
1.476 0.00192224 -0.00386059 -0.000413547
1.478 0.00189986 -0.00380682 -0.000406564
1.48 0.00187715 -0.00375392 -0.000403071
1.482 0.00185381 -0.00370146 -0.000397727
1.484 0.00183029 -0.00364988 -0.00039311
1.486 0.001806 -0.00359892 -0.000387402
1.488 0.00178153 -0.00354885 -0.000383651
1.49 0.00175655 -0.00349929 -0.00037833
1.492 0.00173152 -0.00345044 -0.000371621
1.494 0.00170611 -0.00340246 -0.000366779
1.496 0.00168011 -0.00335517 -0.000363819
1.498 0.00165394 -0.00330825 -0.000357342
1.5 0.00162737 -0.00326221 -0.000351131
1.502 0.00160102 -0.003217 -0.00034833
1.504 0.00157426 -0.00317207 -0.00034231
1.506 0.00154764 -0.00312798 -0.00033649
1.508 0.00152084 -0.00308466 -0.000333358
1.51 0.001494 -0.00304177 -0.000329477
1.512 0.00146723 -0.00299941 -0.000323294
1.514 0.00144047 -0.00295792 -0.00031927
1.516 0.00141442 -0.00291682 -0.000313772
1.518 0.00138839 -0.00287651 -0.00031024
1.52 0.00136274 -0.00283672 -0.000307578
1.522 0.00133707 -0.00279729 -0.000301958
1.524 0.00131211 -0.00275862 -0.000296559
1.526 0.0012879 -0.00272079 -0.000296506
1.528 0.0012641 -0.00268305 -0.00029353
1.53 0.00124095 -0.00264583 -0.000287353
1.532 0.00121811 -0.00260951 -0.000284218
1.534 0.00119644 -0.00257351 -0.00028046
1.536 0.00117537 -0.00253805 -0.000276419
1.538 0.0011552 -0.00250318 -0.000273662
1.54 0.00113565 -0.00246881 -0.000272065
1.542 0.00111693 -0.00243468 -0.000267038
1.544 0.00109942 -0.00240134 -0.000263941
1.546 0.00108266 -0.0023683 -0.000259636
1.548 0.00106705 -0.00233599 -0.000258686
1.55 0.00105188 -0.00230379 -0.000254832
1.552 0.00103787 -0.00227209 -0.000248948
1.554 0.00102483 -0.00224104 -0.00024445
1.556 0.00101294 -0.00221061 -0.000244808
1.558 0.001002 -0.00218005 -0.000240003
1.56 0.000991536 -0.0021502 -0.000234964
1.562 0.000982202 -0.00212097 -0.000233355
1.564 0.000973566 -0.00209187 -0.000230243
1.566 0.000966115 -0.00206319 -0.00022593
1.568 0.000959185 -0.00203511 -0.000224076
1.57 0.000953091 -0.00200716 -0.000220023
1.572 0.000947851 -0.00197962 -0.000214314
1.574 0.000943061 -0.00195276 -0.000212286
1.576 0.000938904 -0.00192611 -0.000211192
1.578 0.000934931 -0.00189969 -0.000208693
1.58 0.000932052 -0.00187368 -0.000205769
1.582 0.000929625 -0.00184799 -0.000201766
1.584 0.000927538 -0.00182278 -0.000199087
1.586 0.000925368 -0.0017979 -0.000197676
1.588 0.000923242 -0.00177316 -0.000193923
1.59 0.000921786 -0.00174888 -0.000190155
1.592 0.000920371 -0.00172504 -0.000188487
1.594 0.0009193 -0.00170141 -0.000186829
1.596 0.000917803 -0.00167808 -0.000185057
1.598 0.000916271 -0.0016551 -0.00018367
1.6 0.00091443 -0.00163223 -0.000179232
1.602 0.000912336 -0.0016099 -0.000175942
1.604 0.000910402 -0.00158791 -0.000174476
1.606 0.000908052 -0.00156608 -0.000172298
1.608 0.000905528 -0.00154457 -0.000169957
1.61 0.000901989 -0.00152341 -0.000168609
1.612 0.000898085 -0.00150238 -0.000165351
1.614 0.00089374 -0.00148181 -0.00016312
1.616 0.000888966 -0.0014615 -0.000161747
1.618 0.000883797 -0.00144128 -0.000157805
1.62 0.000877699 -0.00142157 -0.000155333
1.622 0.000871222 -0.00140216 -0.000154847
1.624 0.000863644 -0.00138279 -0.000152338
1.626 0.000855491 -0.00136377 -0.000148974
1.628 0.000846626 -0.00134521 -0.000148369
1.63 0.000837308 -0.00132662 -0.000145101
1.632 0.00082755 -0.00130851 -0.00014319
1.634 0.000816638 -0.00129062 -0.000141731
1.636 0.000805107 -0.00127295 -0.000140108
1.638 0.000792562 -0.00125546 -0.000136813
1.64 0.000779763 -0.00123851 -0.000136871
1.642 0.000766374 -0.00122149 -0.000134713
1.644 0.000752474 -0.00120489 -0.000133051
1.646 0.000738121 -0.00118842 -0.000129998
1.648 0.000722794 -0.00117233 -0.000127605
1.65 0.000707105 -0.00115656 -0.000127379
1.652 0.000690725 -0.00114096 -0.000128027
1.654 0.000674529 -0.0011254 -0.000125792
1.656 0.000658096 -0.0011102 -0.000122916
1.658 0.000641271 -0.00109541 -0.000122387
1.66 0.00062407 -0.00108062 -0.0001201
1.662 0.000606323 -0.00106628 -0.000119824
1.664 0.000588996 -0.00105198 -0.000118253
1.666 0.000571659 -0.00103802 -0.000117374
1.668 0.000554772 -0.00102421 -0.00011584
1.67 0.000537695 -0.00101074 -0.000115782
1.672 0.000520498 -0.000997266 -0.000113245
1.674 0.000503682 -0.000984314 -0.000113611
1.676 0.000487259 -0.000971295 -0.000111963
1.678 0.000471836 -0.000958526 -0.000108976
1.68 0.000456424 -0.000946206 -0.000108968
1.682 0.000441468 -0.00093398 -0.000110075
1.684 0.000426998 -0.000921662 -0.000107137
1.686 0.00041348 -0.000909824 -0.000105129
1.688 0.000400958 -0.000898341 -0.000107011
1.69 0.000388662 -0.00088659 -0.000104734
1.692 0.000377317 -0.000875269 -0.000102593
1.694 0.000366721 -0.000864204 -0.000101944
1.696 0.000357508 -0.000853281 -0.00010224
1.698 0.00034903 -0.000842335 -0.000100033
1.7 0.00034117 -0.000831793 -9.9466e-05
1.702 0.000334419 -0.000821223 -9.71674e-05
1.704 0.000328535 -0.00081103 -9.69512e-05
1.706 0.000324076 -0.000800901 -9.72653e-05
1.708 0.000320254 -0.000790815 -9.6163e-05
1.71 0.000317567 -0.000780919 -9.43675e-05
1.712 0.000315765 -0.000771266 -9.36458e-05
1.714 0.000314737 -0.000761609 -9.14246e-05
1.716 0.000314773 -0.0007522 -8.96809e-05
1.718 0.000315467 -0.000743099 -9.15379e-05
1.72 0.000317513 -0.000733771 -9.07537e-05
1.722 0.000320094 -0.000724627 -8.82817e-05
1.724 0.000323414 -0.000715767 -8.6981e-05
1.726 0.000327259 -0.00070703 -8.6932e-05
1.728 0.000331617 -0.00069823 -8.4943e-05
1.73 0.000336887 -0.000689728 -8.42869e-05
1.732 0.000342387 -0.000681225 -8.29727e-05
1.734 0.000348669 -0.000672911 -8.24353e-05
1.736 0.000355022 -0.00066468 -8.22806e-05
1.738 0.000361613 -0.000656485 -8.13143e-05
1.74 0.000368241 -0.000648414 -7.98746e-05
1.742 0.000374783 -0.000640502 -7.89964e-05
1.744 0.000381844 -0.000632598 -7.708e-05
1.746 0.000388666 -0.00062486 -7.53143e-05
1.748 0.000395531 -0.00061737 -7.64036e-05
1.75 0.000401657 -0.000609713 -7.57409e-05
1.752 0.000407354 -0.000602232 -7.47105e-05
1.754 0.000412885 -0.000594857 -7.35021e-05
1.756 0.000417965 -0.000587572 -7.20472e-05
1.758 0.000422886 -0.000580358 -6.99455e-05
1.76 0.000426623 -0.000573456 -7.10672e-05
1.762 0.000429692 -0.000566355 -7.02718e-05
1.764 0.000431897 -0.000559468 -6.9635e-05
1.766 0.00043353 -0.000552636 -6.84596e-05
1.768 0.000434602 -0.000545942 -6.75013e-05
1.77 0.000434351 -0.000539303 -6.60548e-05
1.772 0.000433361 -0.000532948 -6.74452e-05
1.774 0.000431157 -0.000526331 -6.53406e-05
1.776 0.000428341 -0.00052007 -6.42654e-05
1.778 0.000424511 -0.000513942 -6.48578e-05
1.78 0.000419547 -0.00050777 -6.46004e-05
1.782 0.000413847 -0.000501633 -6.23281e-05
1.784 0.000406894 -0.000495886 -6.31349e-05
1.786 0.000399355 -0.000489981 -6.24552e-05
1.788 0.000390689 -0.000484234 -6.12567e-05
1.79 0.000381398 -0.000478769 -6.27247e-05
1.792 0.000371335 -0.000473185 -6.29509e-05
1.794 0.000360181 -0.000467617 -6.03158e-05
1.796 0.000348563 -0.000462459 -6.02161e-05
1.798 0.000336167 -0.000457274 -6.03589e-05
1.8 0.000323752 -0.000452122 -5.9483e-05
1.802 0.000310582 -0.000447169 -5.92815e-05
1.804 0.000296782 -0.000442358 -6.04546e-05
1.806 0.000282756 -0.000437472 -5.99109e-05
1.808 0.000268481 -0.00043285 -6.05565e-05
1.81 0.000254572 -0.000428159 -5.95833e-05
1.812 0.000240183 -0.000423598 -5.78215e-05
1.814 0.000225976 -0.000419155 -5.61797e-05
1.816 0.00021188 -0.000414788 -5.53186e-05
1.818 0.000198003 -0.000410434 -5.55722e-05
1.82 0.000184573 -0.000405764 -5.26811e-05
1.822 0.000171154 -0.000400901 -4.64353e-05
1.824 0.000158739 -0.000395781 -3.86759e-05
1.826 0.000146819 -0.000390047 -2.97547e-05
1.828 0.000135615 -0.000382688 -9.35027e-06
1.83 0.000124855 -0.000373959 1.76148e-05
1.832 0.000114563 -0.000362481 5.48572e-05
1.834 0.00010563 -0.000346724 0.000111113
1.836 9.75279e-05 -0.000325377 0.000188129
1.838 9.07195e-05 -0.000296174 0.000287835
1.84 8.44914e-05 -0.000255665 0.000423207
1.842 7.90956e-05 -0.000201216 0.000594576
1.844 7.49269e-05 -0.000129832 0.000790625
1.846 7.18063e-05 -3.75404e-05 0.00100928
1.848 7.04069e-05 7.67732e-05 0.00122624
1.85 6.98881e-05 0.000212021 0.00139833
1.852 7.06298e-05 0.0003631 0.00146738
1.854 7.23408e-05 0.000518356 0.0013588
1.856 7.51149e-05 0.000656899 0.000973663
1.858 7.94425e-05 0.000749315 0.000225705
1.86 8.4597e-05 0.000755273 -0.000957092
1.862 9.08615e-05 0.000628216 -0.00258862
1.864 9.71131e-05 0.000321347 -0.00458513
1.866 0.000103268 -0.000201056 -0.00672254
1.868 0.000109015 -0.000949789 -0.0086301
1.87 0.000113648 -0.00189245 -0.00979296
1.872 0.00011717 -0.00294122 -0.00964429
1.874 0.00011843 -0.00394596 -0.00769255
1.876 0.00011809 -0.00470542 -0.00371275
1.878 0.000116298 -0.00499908 0.00205212
1.88 0.000113899 -0.00463909 0.00877025
1.882 0.000112197 -0.00353521 0.0150655
1.884 0.000112123 -0.00175429 0.0192824
1.886 0.000115965 0.000452743 0.0199789
1.888 0.000123917 0.002681 0.0165391
1.89 0.000135986 0.00446539 0.00961619
1.892 0.000150816 0.00542727 0.0011808
1.894 0.000166723 0.00541862 -0.00606175
1.896 0.000182662 0.0045984 -0.009784
1.898 0.000196234 0.00338211 -0.00923604
1.9 0.000206871 0.00225919 -0.0058295
1.902 0.000214119 0.00154688 -0.00256749
1.904 0.00021915 0.00121816 -0.0023085
1.906 0.000223089 0.000927425 -0.00576097
1.908 0.000225382 0.000257282 -0.0106596
1.91 0.000225833 -0.000944473 -0.0130735
1.912 0.000222771 -0.0023852 -0.010385
1.914 0.000216264 -0.00348714 -0.00379455
1.916 0.000206774 -0.0038224 0.00210196
1.918 0.00019564 -0.00348786 0.00306708
1.92 0.000184793 -0.00305342 -0.000640394
1.922 0.000173825 -0.00304574 -0.00402368
1.924 0.000162543 -0.00341728 -0.00225981
1.926 0.000149742 -0.00358156 0.00369843
1.928 0.000136153 -0.00307385 0.00759706
1.93 0.000123355 -0.00214255 0.00530281
1.932 0.000111663 -0.00149249 0.000745217
1.934 0.000101225 -0.00136981 0.0014358
1.936 9.05037e-05 -0.0011726 0.00768452
1.938 8.03177e-05 -0.000280783 0.0109727
1.94 7.18665e-05 0.000956282 0.00651067
1.942 6.56234e-05 0.00166165 0.00167711
1.944 6.105e-05 0.00180688 0.00400145
1.946 5.65045e-05 0.00220831 0.00688671
1.948 5.33472e-05 0.0029226 0.00144381
1.95 5.18177e-05 0.00300869 -0.00437437
1.952 5.0857e-05 0.00244063 -0.00062929
1.954 4.9223e-05 0.00230658 0.0020311
1.956 4.72925e-05 0.00247371 -0.00402069
1.958 4.65184e-05 0.00195902 -0.00399534
1.96 4.50665e-05 0.00146045 0.000417896
1.962 4.34944e-05 0.00146841 -0.00628452
1.964 4.25184e-05 0.000725848 -0.00724365
1.966 4.04458e-05 -0.000104669 -0.00288529
1.968 3.76025e-05 -0.000425964 -0.00861525
1.97 3.42996e-05 -0.00138024 -0.00195291
1.972 2.99685e-05 -0.00156373 -0.00457409
1.974 2.58615e-05 -0.00203592 -0.00285169
1.976 2.17168e-05 -0.00230297 -0.00394729
1.978 1.78217e-05 -0.00268546 -0.00261891
1.98 1.30485e-05 -0.00290925 -0.0018821
1.982 8.43981e-06 -0.0030445 0.0011822
1.984 3.95388e-06 -0.002833 0.0011761
1.986 9.24029e-07 -0.00262763 0.0010701
1.988 -1.27859e-06 -0.00243907 0.0025355
1.99 -3.28112e-06 -0.00209123 0.00324808
1.992 -4.21427e-06 -0.00167304 0.00445972
1.994 -4.35302e-06 -0.00112955 0.00539685
1.996 -2.78153e-06 -0.000494802 0.00429944
1.998 0 0 0
