0 5 5 0 0 5 5 5 5 
2 35 31.01 10 20.1105 10 17.9845 20 11.4118 
4 145 56.2397 25 39.6177 20 30.5795 20 17.6312 
6 200 80.7125 35 58.5397 35 42.7966 35 23.6641 
8 200 104.451 50 76.894 45 54.6472 35 29.516 
10 180 127.478 50 94.6976 45 66.1423 40 35.1923 
12 165 149.813 60 111.967 55 77.2925 40 40.6983 
14 180 171.479 65 128.719 55 88.1082 50 46.0392 
16 195 192.495 70 144.968 65 98.5995 45 51.2198 
18 250 212.88 90 160.729 40 108.776 50 56.245 
20 250 232.653 150 176.018 120 118.647 25 61.1195 
22 235 251.834 205 190.848 145 128.222 90 65.8477 
24 225 270.439 180 205.233 175 137.51 115 70.4341 
26 265 288.486 195 219.186 165 146.519 135 74.8828 
28 285 305.991 155 232.721 145 155.258 125 79.1981 
30 295 322.971 165 245.85 120 163.735 105 83.384 
32 305 339.442 190 258.585 165 171.957 85 87.4443 
34 295 355.419 230 270.938 175 179.933 120 91.3828 
36 305 370.916 255 282.92 205 187.67 120 95.2031 
38 320 385.949 245 294.543 210 195.174 130 98.9088 
40 345 400.53 220 305.817 180 202.453 140 102.503 
42 360 414.674 265 316.753 200 209.514 115 105.99 
44 375 428.394 255 327.361 205 216.363 135 109.372 
46 365 441.702 275 337.651 220 223.007 130 112.653 
48 365 454.611 280 347.632 220 229.451 140 115.835 
50 375 467.133 275 357.314 220 235.702 135 118.922 
52 390 479.279 320 366.705 215 241.766 135 121.916 
54 400 491.061 310 375.814 235 247.647 150 124.82 
56 410 502.489 325 384.65 235 253.352 145 127.637 
58 420 513.574 330 393.221 265 258.886 150 130.37 
60 430 524.327 320 401.535 240 264.254 155 133.021 
62 435 534.757 340 409.599 245 269.461 150 135.592 
64 450 544.874 345 417.422 255 274.512 155 138.086 
66 480 554.688 360 425.01 280 279.411 155 140.505 
68 475 564.207 370 432.37 270 284.163 155 142.852 
70 475 573.441 355 439.509 275 288.773 160 145.128 
72 480 582.398 355 446.435 270 293.244 160 147.336 
74 500 591.086 380 453.152 280 297.581 165 149.478 
76 510 599.513 395 459.668 290 301.788 155 151.555 
78 510 607.688 400 465.988 285 305.869 165 153.57 
80 510 615.617 405 472.119 290 309.827 150 155.525 
82 545 623.309 405 478.066 290 313.667 170 157.421 
84 555 630.77 415 483.835 280 317.392 170 159.26 
86 560 638.007 410 489.43 295 321.004 180 161.044 
88 550 645.026 430 494.858 300 324.509 170 162.775 
90 575 651.836 435 500.123 305 327.908 170 164.453 
92 595 658.441 440 505.229 320 331.205 170 166.082 
94 565 664.847 440 510.183 310 334.404 180 167.661 
96 615 671.062 445 514.988 315 337.506 175 169.193 
98 585 677.09 465 519.649 310 340.515 175 170.679 
100 625 682.937 465 524.17 325 343.434 175 172.12 
102 605 688.609 465 528.555 330 346.266 165 173.518 
104 625 694.111 460 532.809 340 349.012 170 174.875 
106 640 699.448 485 536.935 335 351.676 170 176.19 
108 610 704.624 495 540.938 330 354.261 180 177.466 
110 670 709.645 500 544.82 325 356.767 180 178.704 
112 655 714.516 490 548.586 340 359.199 180 179.905 
114 670 719.241 510 552.239 345 361.557 180 181.07 
116 670 723.823 505 555.782 345 363.845 175 182.199 
118 670 728.269 520 559.219 350 366.064 180 183.295 
120 695 732.581 500 562.553 345 368.217 180 184.358 
122 695 736.763 520 565.787 345 370.305 185 185.389 
124 690 740.82 510 568.924 355 372.33 185 186.389 
126 705 744.756 530 571.967 350 374.295 170 187.359 
128 725 748.573 530 574.918 355 376.2 180 188.3 
130 700 752.276 540 577.781 365 378.049 175 189.213 
132 725 755.868 540 580.558 370 379.842 185 190.099 
134 740 759.352 555 583.252 375 381.581 185 190.957 
136 740 762.731 540 585.865 355 383.268 185 191.79 
138 750 766.009 565 588.4 355 384.905 190 192.599 
140 750 769.189 545 590.858 385 386.492 185 193.382 
142 760 772.273 575 593.243 375 388.032 190 194.143 
144 750 775.265 540 595.556 375 389.525 190 194.88 
146 770 778.167 595 597.8 370 390.974 185 195.596 
148 775 780.982 585 599.976 355 392.379 180 196.29 
150 780 783.713 585 602.088 390 393.743 180 196.963 
152 790 786.361 590 604.135 395 395.065 180 197.616 
154 770 788.93 580 606.122 380 396.347 195 198.249 
156 775 791.422 595 608.049 375 397.591 195 198.863 
158 780 793.84 585 609.918 385 398.798 195 199.459 
160 790 796.185 605 611.731 385 399.969 190 200.037 
162 805 798.459 600 613.489 405 401.104 195 200.598 
164 800 800.665 610 615.195 380 402.206 195 201.142 
166 795 802.805 600 616.85 390 403.274 195 201.669 
168 810 804.881 600 618.455 380 404.31 195 202.181 
170 810 806.895 630 620.012 385 405.315 185 202.677 
172 835 808.848 590 621.522 395 406.29 185 203.159 
174 820 810.742 610 622.987 395 407.236 195 203.626 
176 815 812.58 620 624.408 400 408.154 190 204.079 
178 825 814.363 610 625.786 400 409.043 195 204.518 
180 820 816.092 635 627.123 390 409.907 195 204.945 
182 850 817.769 625 628.42 400 410.744 200 205.358 
184 845 819.396 630 629.677 410 411.556 195 205.759 
186 840 820.974 625 630.898 410 412.344 200 206.148 
188 860 822.505 605 632.081 410 413.108 190 206.525 
190 815 823.99 630 633.229 370 413.849 195 206.892 
192 860 825.43 630 634.343 400 414.568 195 207.247 
194 840 826.827 630 635.423 410 415.266 190 207.591 
196 870 828.182 640 636.471 420 415.942 190 207.925 
198 855 829.497 645 637.487 410 416.599 200 208.249 
200 855 830.772 630 638.473 375 417.235 205 208.563 
202 840 832.009 640 639.429 420 417.853 205 208.868 
204 870 833.209 645 640.357 405 418.452 200 209.164 
206 845 834.372 645 641.257 425 419.032 195 209.451 
208 875 835.501 660 642.13 415 419.596 210 209.729 
210 850 836.596 650 642.976 400 420.143 195 209.999 
212 885 837.658 650 643.797 415 420.673 210 210.261 
214 865 838.688 665 644.594 405 421.187 195 210.515 
216 875 839.688 630 645.367 425 421.686 200 210.761 
218 880 840.657 670 646.116 415 422.17 195 211 
220 880 841.597 670 646.843 410 422.639 200 211.232 
222 890 842.51 655 647.548 405 423.095 205 211.457 
224 895 843.394 680 648.233 400 423.536 200 211.675 
226 870 844.252 645 648.896 415 423.965 205 211.887 
228 895 845.085 665 649.54 420 424.38 195 212.092 
230 880 845.892 680 650.164 410 424.783 200 212.291 
232 905 846.676 660 650.77 400 425.174 200 212.484 
234 885 847.435 670 651.357 400 425.554 205 212.671 
236 895 848.172 685 651.927 425 425.922 200 212.853 
238 885 848.887 655 652.479 435 426.278 195 213.029 
240 895 849.58 670 653.016 415 426.625 195 213.2 
242 910 850.253 680 653.536 410 426.96 205 213.366 
244 900 850.905 665 654.04 400 427.286 210 213.527 
246 905 851.538 675 654.529 430 427.602 210 213.683 
248 885 852.152 685 655.004 415 427.908 205 213.834 
250 900 852.748 660 655.464 420 428.206 205 213.981 
252 890 853.325 675 655.911 415 428.494 200 214.123 
254 905 853.885 675 656.344 405 428.774 205 214.261 
256 910 854.429 670 656.764 425 429.045 210 214.395 
258 905 854.956 690 657.172 415 429.308 195 214.525 
260 915 855.467 690 657.567 420 429.563 200 214.651 
262 910 855.963 675 657.951 420 429.811 200 214.773 
264 920 856.444 690 658.323 415 430.051 215 214.892 
266 905 856.911 675 658.683 415 430.284 210 215.007 
268 920 857.364 685 659.033 420 430.51 200 215.119 
270 905 857.803 705 659.373 430 430.729 190 215.227 
272 915 858.229 685 659.702 405 430.942 205 215.332 
274 920 858.642 700 660.022 415 431.148 205 215.434 
276 925 859.043 685 660.332 420 431.348 205 215.532 
278 930 859.431 680 660.632 430 431.542 195 215.628 
280 910 859.808 690 660.924 420 431.73 190 215.721 
282 925 860.174 690 661.206 415 431.913 200 215.811 
284 935 860.529 690 661.481 420 432.09 205 215.899 
286 940 860.873 710 661.747 415 432.262 220 215.984 
288 920 861.207 700 662.005 420 432.429 210 216.066 
290 925 861.531 680 662.255 415 432.59 200 216.146 
292 910 861.845 690 662.498 405 432.747 195 216.223 
294 910 862.149 695 662.734 420 432.899 200 216.298 
296 920 862.445 685 662.962 410 433.047 210 216.371 
298 915 862.732 715 663.184 420 433.19 215 216.442 
300 930 863.01 730 663.399 415 433.329 200 216.51 
302 940 863.279 690 663.607 415 433.463 190 216.577 
304 945 863.541 690 663.81 420 433.594 210 216.641 
306 930 863.795 695 664.006 415 433.72 210 216.704 
308 935 864.041 680 664.196 425 433.843 205 216.765 
310 920 864.28 705 664.381 415 433.963 200 216.823 
312 925 864.511 715 664.56 420 434.078 190 216.881 
314 935 864.736 710 664.734 410 434.19 205 216.936 
316 940 864.954 695 664.902 410 434.299 200 216.99 
318 955 865.165 715 665.065 415 434.405 200 217.042 
320 945 865.37 700 665.224 430 434.507 200 217.092 
322 935 865.569 695 665.378 410 434.606 190 217.141 
324 915 865.762 730 665.527 420 434.703 195 217.189 
326 935 865.949 725 665.672 410 434.796 205 217.235 
328 935 866.131 705 665.812 435 434.887 205 217.28 
330 940 866.307 710 665.948 420 434.975 205 217.323 
332 940 866.478 700 666.08 420 435.06 200 217.365 
334 935 866.643 700 666.208 415 435.143 200 217.406 
336 935 866.804 725 666.333 420 435.223 190 217.446 
338 920 866.96 725 666.453 420 435.301 200 217.484 
340 925 867.111 710 666.57 430 435.376 210 217.521 
342 930 867.258 730 666.683 410 435.449 195 217.558 
344 945 867.4 715 666.793 430 435.52 190 217.593 
346 945 867.538 700 666.9 415 435.589 205 217.627 
348 960 867.672 725 667.004 430 435.656 200 217.66 
350 945 867.802 720 667.104 430 435.721 210 217.692 
352 930 867.928 700 667.201 435 435.784 200 217.723 
354 930 868.05 730 667.296 425 435.845 190 217.753 
356 925 868.168 725 667.387 425 435.904 200 217.782 
358 945 868.283 695 667.476 420 435.961 200 217.81 
360 955 868.395 715 667.563 430 436.017 210 217.838 
362 975 868.503 725 667.646 415 436.071 195 217.865 
364 955 868.608 700 667.727 430 436.123 190 217.89 
366 940 868.71 715 667.806 420 436.174 185 217.916 
368 930 868.808 730 667.882 445 436.223 205 217.94 
370 940 868.904 705 667.956 420 436.271 210 217.963 
372 935 868.997 715 668.028 425 436.318 205 217.986 
374 940 869.087 725 668.098 435 436.362 200 218.009 
376 940 869.174 715 668.165 435 436.406 200 218.03 
378 950 869.259 725 668.231 430 436.448 195 218.051 
380 960 869.341 715 668.294 430 436.489 205 218.071 
382 935 869.421 730 668.356 430 436.529 190 218.091 
384 940 869.499 730 668.416 440 436.568 195 218.11 
386 935 869.574 715 668.474 425 436.605 195 218.129 
388 945 869.646 725 668.53 435 436.642 195 218.146 
390 950 869.717 720 668.585 420 436.677 215 218.164 
392 955 869.785 710 668.638 430 436.711 210 218.181 
394 945 869.852 740 668.689 430 436.744 210 218.197 
396 940 869.916 735 668.739 420 436.776 200 218.213 
398 940 869.979 725 668.787 445 436.808 190 218.228 
400 950 870.04 740 668.834 430 436.838 200 218.243 
402 950 870.098 720 668.88 435 436.867 195 218.258 
404 960 870.155 700 668.924 435 436.896 205 218.272 
406 955 870.211 725 668.967 435 436.923 200 218.286 
408 935 870.264 740 669.008 440 436.95 195 218.299 
410 950 870.316 715 669.048 425 436.976 210 218.312 
412 940 870.367 745 669.087 435 437.001 205 218.324 
414 955 870.416 740 669.125 425 437.026 210 218.336 
416 950 870.463 710 669.162 430 437.05 195 218.348 
418 945 870.51 710 669.198 430 437.073 205 218.359 
420 935 870.554 725 669.232 435 437.095 190 218.37 
422 940 870.598 715 669.266 430 437.117 205 218.381 
424 940 870.64 715 669.298 435 437.138 200 218.391 
426 940 870.681 740 669.33 435 437.158 200 218.401 
428 945 870.72 740 669.36 435 437.178 200 218.411 
430 950 870.759 715 669.39 445 437.197 205 218.421 
432 965 870.796 735 669.419 425 437.215 200 218.43 
434 945 870.832 735 669.447 425 437.234 210 218.439 
436 950 870.867 725 669.474 425 437.251 205 218.447 
438 940 870.901 735 669.5 425 437.268 195 218.456 
440 930 870.934 735 669.526 430 437.284 205 218.464 
442 945 870.966 735 669.55 435 437.3 200 218.472 
444 955 870.997 720 669.574 440 437.316 205 218.479 
446 975 871.027 735 669.598 440 437.331 205 218.487 
448 955 871.056 725 669.62 430 437.346 195 218.494 
450 955 871.084 715 669.642 445 437.36 195 218.501 
452 935 871.112 740 669.663 435 437.373 205 218.508 
454 940 871.139 735 669.684 425 437.387 210 218.514 
456 940 871.164 740 669.704 435 437.4 220 218.521 
458 940 871.19 730 669.723 415 437.412 205 218.527 
460 940 871.214 725 669.742 445 437.424 205 218.533 
462 945 871.237 725 669.76 435 437.436 195 218.539 
464 945 871.26 720 669.778 445 437.447 200 218.544 
466 955 871.282 735 669.795 445 437.458 205 218.55 
468 950 871.304 740 669.812 445 437.469 205 218.555 
470 945 871.325 735 669.828 440 437.48 200 218.56 
472 960 871.345 720 669.844 425 437.49 200 218.565 
474 970 871.365 725 669.859 430 437.5 205 218.57 
476 960 871.384 715 669.874 435 437.509 210 218.575 
478 945 871.402 720 669.888 425 437.518 210 218.579 
480 960 871.42 745 669.902 435 437.527 205 218.584 
482 945 871.438 740 669.915 435 437.536 195 218.588 
484 950 871.455 730 669.928 440 437.544 205 218.592 
486 955 871.471 745 669.941 440 437.553 200 218.596 
488 955 871.487 730 669.953 435 437.56 200 218.6 
490 950 871.502 720 669.965 435 437.568 200 218.604 
492 935 871.517 735 669.977 435 437.576 200 218.608 
494 950 871.532 745 669.988 445 437.583 205 218.611 
496 945 871.546 730 669.999 425 437.59 215 218.615 
498 965 871.559 720 670.009 435 437.597 200 218.618 
500 940 871.572 740 670.019 430 437.603 210 218.621 
502 950 871.585 745 670.029 440 437.61 195 218.624 
504 940 871.598 735 670.039 440 437.616 200 218.628 
