0 1 1 0 0 1 1 1 1 
1 7 4.748 2 2.89665 2 2.87185 4 1.92514 
2 29 8.42104 5 5.73537 4 4.70626 4 2.83178 
3 40 12.0206 7 8.51731 7 6.50399 7 3.72028 
4 40 15.5482 10 11.2436 9 8.26576 7 4.59102 
5 36 19.0052 10 13.9154 9 9.99229 8 5.44434 
6 33 22.3931 12 16.5337 11 11.6843 8 6.28059 
7 36 25.7133 13 19.0997 11 13.3425 10 7.10012 
8 39 28.967 14 21.6144 13 14.9675 9 7.90325 
9 50 32.1557 18 24.0787 8 16.56 10 8.69033 
10 50 35.2806 30 26.4938 24 18.1206 5 9.46166 
11 47 38.3429 41 28.8606 29 19.6501 18 10.2176 
12 45 41.3441 36 31.18 35 21.1489 23 10.9584 
13 53 44.2852 39 33.4531 33 22.6178 27 11.6843 
14 57 47.1675 31 35.6807 29 24.0573 25 12.3958 
15 59 49.9922 33 37.8637 24 25.468 21 13.093 
16 61 52.7603 38 40.0031 33 26.8505 17 13.7763 
17 59 55.4731 46 42.0997 35 28.2053 24 14.4459 
18 61 58.1316 51 44.1543 41 29.533 24 15.1021 
19 64 60.737 49 46.1679 42 30.8342 26 15.7452 
20 69 63.2903 44 48.1412 36 32.1094 28 16.3755 
21 72 65.7925 53 50.075 40 33.3591 23 16.9931 
22 75 68.2446 51 51.9701 41 34.5837 27 17.5984 
23 73 70.6477 55 53.8274 44 35.7839 26 18.1915 
24 73 73.0028 56 55.6475 44 36.9601 28 18.7728 
25 75 75.3107 55 57.4312 44 38.1127 27 19.3425 
26 78 77.5725 64 59.1792 43 39.2423 27 19.9008 
27 80 79.789 62 60.8923 47 40.3493 30 20.4479 
28 82 81.9613 65 62.5711 47 41.4342 29 20.9841 
29 84 84.09 66 64.2163 53 42.4974 30 21.5096 
30 86 86.1762 64 65.8286 48 43.5393 31 22.0245 
31 87 88.2207 68 67.4087 49 44.5603 30 22.5292 
32 90 90.2243 69 68.9572 51 45.561 31 23.0237 
33 96 92.1878 72 70.4747 56 46.5416 31 23.5084 
34 95 94.1121 74 71.9619 54 47.5026 31 23.9834 
35 95 95.9978 71 73.4193 55 48.4444 32 24.4488 
36 96 97.8459 71 74.8475 54 49.3674 32 24.905 
37 100 99.6569 76 76.2472 56 50.2719 33 25.3521 
38 102 101.432 79 77.6189 58 51.1583 31 25.7901 
39 102 103.171 80 78.9632 57 52.027 33 26.2195 
40 102 104.876 81 80.2806 58 52.8783 30 26.6402 
41 109 106.546 81 81.5716 58 53.7126 34 27.0526 
42 111 108.183 83 82.8369 56 54.5302 34 27.4567 
43 112 109.788 82 84.0768 59 55.3314 36 27.8527 
44 110 111.36 86 85.2919 60 56.1166 34 28.2408 
45 115 112.901 87 86.4827 61 56.8862 34 28.6211 
46 119 114.411 88 87.6497 64 57.6403 34 28.9938 
47 113 115.89 88 88.7933 62 58.3793 36 29.3591 
48 123 117.341 89 89.9141 63 59.1036 35 29.717 
49 117 118.762 93 91.0125 62 59.8134 35 30.0678 
50 125 120.155 93 92.0889 65 60.5089 35 30.4116 
51 121 121.52 93 93.1438 66 61.1906 33 30.7485 
52 125 122.857 92 94.1775 68 61.8587 34 31.0787 
53 128 124.168 97 95.1906 67 62.5133 34 31.4022 
54 122 125.453 99 96.1835 66 63.1549 36 31.7193 
55 134 126.712 100 97.1565 65 63.7837 36 32.0301 
56 131 127.945 98 98.11 68 64.3998 36 32.3346 
57 134 129.154 102 99.0444 69 65.0037 36 32.6331 
58 134 130.339 101 99.9602 69 65.5955 35 32.9256 
59 134 131.501 104 100.858 70 66.1754 36 33.2122 
60 139 132.639 100 101.737 69 66.7438 36 33.4931 
61 139 133.754 104 102.599 69 67.3007 37 33.7684 
62 138 134.847 102 103.444 71 67.8466 37 34.0381 
63 141 135.918 106 104.271 70 68.3815 34 34.3025 
64 145 136.967 106 105.083 71 68.9057 36 34.5616 
65 140 137.996 108 105.878 73 69.4194 35 34.8155 
66 145 139.004 108 106.657 74 69.9229 37 35.0643 
67 148 139.992 111 107.42 75 70.4163 37 35.3082 
68 148 140.96 108 108.169 71 70.8998 37 35.5472 
69 150 141.909 113 108.902 71 71.3737 38 35.7814 
70 150 142.839 109 109.62 77 71.838 37 36.0109 
71 152 143.75 115 110.325 75 72.2931 38 36.2358 
72 150 144.643 108 111.015 75 72.7391 38 36.4562 
73 154 145.518 119 111.691 74 73.1762 37 36.6722 
74 155 146.376 117 112.354 71 73.6045 36 36.8839 
75 156 147.216 117 113.004 78 74.0243 36 37.0914 
76 158 148.04 118 113.64 79 74.4356 36 37.2947 
77 154 148.847 116 114.264 76 74.8388 39 37.494 
78 155 149.638 119 114.875 75 75.2339 39 37.6892 
79 156 150.413 117 115.475 77 75.621 39 37.8806 
80 158 151.173 121 116.062 77 76.0005 38 38.0681 
81 161 151.918 120 116.637 81 76.3723 39 38.2519 
82 160 152.647 122 117.201 76 76.7367 39 38.432 
83 159 153.362 120 117.754 78 77.0938 39 38.6085 
84 162 154.063 120 118.295 76 77.4438 39 38.7815 
85 162 154.75 126 118.826 77 77.7868 37 38.951 
86 167 155.423 118 119.346 79 78.1229 37 39.1171 
87 164 156.082 122 119.856 79 78.4523 39 39.2799 
88 163 156.729 124 120.355 80 78.7751 38 39.4394 
89 165 157.362 122 120.845 80 79.0914 39 39.5958 
90 164 157.983 127 121.325 78 79.4014 39 39.749 
91 170 158.591 125 121.795 80 79.7053 40 39.8992 
92 169 159.188 126 122.256 82 80.003 39 40.0463 
93 168 159.772 125 122.707 82 80.2948 40 40.1905 
94 172 160.344 121 123.15 82 80.5808 38 40.3319 
95 163 160.905 126 123.583 74 80.861 39 40.4704 
96 172 161.455 126 124.008 80 81.1356 39 40.6061 
97 168 161.994 126 124.425 82 81.4048 38 40.7391 
98 174 162.522 128 124.833 84 81.6685 38 40.8695 
99 171 163.04 129 125.233 82 81.927 40 40.9972 
100 171 163.547 126 125.625 75 82.1803 41 41.1224 
101 168 164.044 128 126.009 84 82.4285 41 41.2451 
102 174 164.531 129 126.385 81 82.6718 40 41.3653 
103 169 165.009 129 126.754 85 82.9102 39 41.4832 
104 175 165.476 132 127.116 83 83.1439 42 41.5987 
105 170 165.935 130 127.47 80 83.3729 39 41.7118 
106 177 166.384 130 127.818 83 83.5973 42 41.8227 
107 173 166.825 133 128.158 81 83.8172 39 41.9314 
108 175 167.256 126 128.491 85 84.0327 40 42.0379 
109 176 167.679 134 128.818 83 84.2439 39 42.1423 
110 176 168.093 134 129.138 82 84.4508 40 42.2446 
111 178 168.499 131 129.452 81 84.6537 41 42.3448 
112 179 168.898 136 129.76 80 84.8524 40 42.4431 
113 174 169.288 129 130.061 83 85.0472 41 42.5394 
114 179 169.67 133 130.357 84 85.2381 39 42.6337 
115 176 170.044 136 130.646 82 85.4252 40 42.7262 
116 181 170.412 132 130.93 80 85.6086 40 42.8168 
117 177 170.771 134 131.208 80 85.7883 41 42.9056 
118 179 171.124 137 131.481 85 85.9643 40 42.9926 
119 177 171.469 131 131.748 87 86.1369 39 43.0779 
120 179 171.808 134 132.009 83 86.306 39 43.1615 
121 182 172.14 136 132.266 82 86.4717 41 43.2434 
122 180 172.465 133 132.517 80 86.6342 42 43.3237 
123 181 172.784 135 132.763 86 86.7933 42 43.4024 
124 177 173.096 137 133.005 83 86.9493 41 43.4794 
125 180 173.402 132 133.241 84 87.1022 41 43.555 
126 178 173.702 135 133.473 83 87.252 40 43.629 
127 181 173.996 135 133.7 81 87.3988 41 43.7016 
128 182 174.284 134 133.923 85 87.5427 42 43.7727 
129 181 174.566 138 134.141 83 87.6837 39 43.8424 
130 183 174.843 138 134.355 84 87.8218 40 43.9107 
131 182 175.114 135 134.565 84 87.9573 40 43.9776 
132 184 175.38 138 134.77 83 88.09 43 44.0432 
133 181 175.64 135 134.971 83 88.22 42 44.1075 
134 184 175.896 137 135.168 84 88.3475 40 44.1705 
135 181 176.146 141 135.362 86 88.4724 38 44.2322 
136 183 176.391 137 135.551 81 88.5948 41 44.2927 
137 184 176.631 140 135.737 83 88.7147 41 44.352 
138 185 176.866 137 135.919 84 88.8323 41 44.4101 
139 186 177.097 136 136.097 86 88.9475 39 44.467 
140 182 177.323 138 136.272 84 89.0604 38 44.5228 
141 185 177.545 138 136.443 83 89.171 40 44.5775 
142 187 177.762 138 136.611 84 89.2795 41 44.6311 
143 188 177.974 142 136.775 83 89.3857 44 44.6836 
144 184 178.183 140 136.936 84 89.4898 42 44.7351 
145 185 178.387 136 137.094 83 89.5919 40 44.7855 
146 182 178.588 138 137.249 81 89.6919 39 44.8349 
147 182 178.784 139 137.401 84 89.7899 40 44.8834 
148 184 178.976 137 137.549 82 89.886 42 44.9309 
149 183 179.165 143 137.695 84 89.9801 43 44.9774 
150 186 179.349 146 137.838 83 90.0724 40 45.023 
151 188 179.53 138 137.978 83 90.1628 38 45.0677 
152 189 179.708 138 138.115 84 90.2514 42 45.1114 
153 186 179.882 139 138.249 83 90.3382 42 45.1543 
154 187 180.052 136 138.381 85 90.4233 41 45.1964 
155 184 180.219 141 138.51 83 90.5066 40 45.2376 
156 185 180.383 143 138.636 84 90.5884 38 45.278 
157 187 180.543 142 138.76 82 90.6684 41 45.3176 
158 188 180.7 139 138.882 82 90.7469 40 45.3564 
159 191 180.854 143 139.001 83 90.8238 40 45.3944 
160 189 181.005 140 139.117 86 90.8992 40 45.4316 
161 187 181.153 139 139.232 82 90.9731 38 45.4681 
162 183 181.298 146 139.344 84 91.0455 39 45.5039 
163 187 181.44 145 139.453 82 91.1164 41 45.539 
164 187 181.579 141 139.561 87 91.1859 41 45.5733 
165 188 181.715 142 139.666 84 91.2541 41 45.607 
166 188 181.849 140 139.77 84 91.3208 40 45.64 
167 187 181.98 140 139.871 83 91.3863 40 45.6724 
168 187 182.109 145 139.97 84 91.4504 38 45.704 
169 184 182.234 145 140.067 84 91.5132 40 45.7351 
170 185 182.358 142 140.163 86 91.5748 42 45.7655 
171 186 182.479 146 140.256 82 91.6352 39 45.7954 
172 189 182.597 143 140.348 86 91.6943 38 45.8246 
173 189 182.713 140 140.437 83 91.7523 41 45.8533 
174 192 182.827 145 140.525 86 91.8091 40 45.8813 
175 189 182.938 144 140.611 86 91.8648 42 45.9088 
176 186 183.047 140 140.696 87 91.9193 40 45.9358 
177 186 183.155 146 140.779 85 91.9728 38 45.9622 
178 185 183.259 145 140.86 85 92.0252 40 45.9881 
179 189 183.362 139 140.939 84 92.0765 40 46.0135 
180 191 183.463 143 141.017 86 92.1268 42 46.0384 
181 195 183.562 145 141.093 83 92.1761 39 46.0627 
182 191 183.659 140 141.168 86 92.2245 38 46.0866 
183 188 183.753 143 141.241 84 92.2718 37 46.11 
184 186 183.846 146 141.313 89 92.3182 41 46.133 
185 188 183.937 141 141.384 84 92.3637 42 46.1555 
186 187 184.027 143 141.453 85 92.4083 41 46.1775 
187 188 184.114 145 141.52 87 92.452 40 46.1991 
188 188 184.2 143 141.586 87 92.4948 40 46.2202 
189 190 184.284 145 141.651 86 92.5368 39 46.241 
190 192 184.366 143 141.715 86 92.5779 41 46.2613 
191 187 184.447 146 141.777 86 92.6182 38 46.2812 
192 188 184.526 146 141.838 88 92.6576 39 46.3007 
193 187 184.603 143 141.898 85 92.6963 39 46.3198 
194 189 184.679 145 141.957 87 92.7343 39 46.3386 
195 190 184.754 144 142.014 84 92.7714 43 46.357 
196 191 184.827 142 142.071 86 92.8079 42 46.375 
197 189 184.898 148 142.126 86 92.8435 42 46.3926 
198 188 184.968 147 142.18 84 92.8785 40 46.4099 
199 188 185.037 145 142.233 89 92.9128 38 46.4268 
200 190 185.104 148 142.285 86 92.9464 40 46.4434 
201 190 185.17 144 142.336 87 92.9793 39 46.4597 
202 192 185.235 140 142.386 87 93.0116 41 46.4757 
203 191 185.298 145 142.435 87 93.0432 40 46.4913 
204 187 185.36 148 142.483 88 93.0742 39 46.5066 
205 190 185.421 143 142.53 85 93.1046 42 46.5216 
206 188 185.48 149 142.576 87 93.1343 41 46.5363 
207 191 185.539 148 142.621 85 93.1635 42 46.5507 
208 190 185.596 142 142.665 86 93.1921 39 46.5648 
209 189 185.652 142 142.709 86 93.2201 41 46.5787 
210 187 185.707 145 142.751 87 93.2475 38 46.5923 
211 188 185.761 143 142.793 86 93.2744 41 46.6056 
212 188 185.814 143 142.834 87 93.3008 40 46.6186 
213 188 185.865 148 142.874 87 93.3266 40 46.6313 
214 189 185.916 148 142.913 87 93.3519 40 46.6439 
215 190 185.966 143 142.951 89 93.3767 41 46.6561 
216 193 186.014 147 142.989 85 93.4011 40 46.6681 
217 189 186.062 147 143.026 85 93.4249 42 46.6799 
218 190 186.109 145 143.062 85 93.4482 41 46.6915 
219 188 186.155 147 143.097 85 93.4711 39 46.7028 
220 186 186.2 147 143.132 86 93.4936 41 46.7139 
221 189 186.244 147 143.166 87 93.5155 40 46.7247 
222 191 186.287 144 143.199 88 93.5371 41 46.7354 
223 195 186.329 147 143.232 88 93.5582 41 46.7458 
224 191 186.37 145 143.264 86 93.5789 39 46.756 
225 191 186.411 143 143.295 89 93.5991 39 46.766 
226 187 186.451 148 143.326 87 93.619 41 46.7759 
227 188 186.49 147 143.356 85 93.6385 42 46.7855 
228 188 186.528 148 143.386 87 93.6576 44 46.7949 
229 188 186.565 146 143.415 83 93.6763 41 46.8042 
230 188 186.602 145 143.443 89 93.6946 41 46.8132 
231 189 186.638 145 143.471 87 93.7125 39 46.8221 
232 189 186.673 144 143.498 89 93.7301 40 46.8308 
233 191 186.708 147 143.525 89 93.7474 41 46.8393 
234 190 186.742 148 143.551 89 93.7643 41 46.8477 
235 189 186.775 147 143.576 88 93.7808 40 46.8559 
236 192 186.807 144 143.602 85 93.7971 40 46.8639 
237 194 186.839 145 143.626 86 93.813 41 46.8717 
238 192 186.87 143 143.65 87 93.8286 42 46.8794 
239 189 186.901 144 143.674 85 93.8439 42 46.887 
240 192 186.931 149 143.697 87 93.8588 41 46.8944 
241 189 186.96 148 143.72 87 93.8735 39 46.9016 
242 190 186.989 146 143.742 88 93.8879 41 46.9088 
243 191 187.017 149 143.764 88 93.902 40 46.9157 
244 191 187.045 146 143.785 87 93.9158 40 46.9225 
245 190 187.072 144 143.806 87 93.9293 40 46.9292 
246 187 187.099 147 143.827 87 93.9426 40 46.9358 
247 190 187.125 149 143.847 89 93.9556 41 46.9422 
248 189 187.15 146 143.867 85 93.9683 43 46.9485 
249 193 187.175 144 143.886 87 93.9808 40 46.9547 
250 188 187.2 148 143.905 86 93.993 42 46.9607 
251 190 187.224 149 143.923 88 94.005 39 46.9666 
252 188 187.247 147 143.942 88 94.0168 40 46.9725 
253 188 187.27 147 143.959 86 94.0283 40 46.9781 
254 188 187.293 149 143.977 89 94.0396 40 46.9837 
255 188 187.315 145 143.994 87 94.0506 39 46.9892 
256 188 187.337 145 144.011 86 94.0615 41 46.9945 
257 188 187.358 144 144.027 88 94.0721 40 46.9998 
258 188 187.379 148 144.043 85 94.0825 43 47.0049 
259 188 187.399 147 144.059 87 94.0927 40 47.01 
260 188 187.419 148 144.075 86 94.1027 42 47.0149 
261 188 187.439 148 144.09 89 94.1125 38 47.0198 
262 188 187.458 147 144.105 88 94.1221 39 47.0245 
263 188 187.477 145 144.119 87 94.1315 41 47.0292 
264 188 187.495 144 144.133 86 94.1407 39 47.0337 
265 188 187.513 144 144.147 88 94.1498 39 47.0382 
266 188 187.531 144 144.161 87 94.1586 40 47.0426 
267 188 187.549 146 144.174 84 94.1673 39 47.0468 
268 188 187.566 149 144.188 87 94.1758 40 47.051 
269 188 187.582 149 144.201 86 94.1841 42 47.0552 
270 188 187.599 146 144.213 90 94.1923 39 47.0592 
271 188 187.615 147 144.226 86 94.2003 41 47.0632 
272 188 187.63 146 144.238 88 94.2081 39 47.067 
273 188 187.646 146 144.25 89 94.2158 40 47.0708 
274 188 187.661 149 144.261 87 94.2234 40 47.0746 
275 188 187.676 148 144.273 88 94.2307 39 47.0782 
276 188 187.69 145 144.284 87 94.238 39 47.0818 
277 188 187.704 148 144.295 88 94.2451 40 47.0853 
278 188 187.718 149 144.306 87 94.252 41 47.0887 
279 188 187.732 146 144.316 87 94.2588 41 47.0921 
280 188 187.745 145 144.326 89 94.2655 41 47.0954 
281 188 187.758 151 144.337 88 94.272 39 47.0986 
282 188 187.771 147 144.347 88 94.2785 42 47.1018 
283 188 187.784 145 144.356 87 94.2847 39 47.1049 
284 188 187.796 147 144.366 87 94.2909 40 47.1079 
285 188 187.808 148 144.375 87 94.2969 39 47.1109 
286 188 187.82 145 144.384 88 94.3028 39 47.1138 
287 188 187.832 146 144.393 87 94.3086 39 47.1167 
288 188 187.843 150 144.402 87 94.3143 39 47.1195 
289 188 187.854 147 144.411 88 94.3199 40 47.1223 
290 188 187.865 145 144.419 86 94.3253 42 47.1249 
291 188 187.876 145 144.427 87 94.3307 40 47.1276 
292 188 187.886 144 144.435 88 94.3359 41 47.1302 
293 188 187.896 144 144.443 87 94.341 39 47.1327 
294 188 187.907 147 144.451 88 94.3461 40 47.1352 
295 188 187.916 150 144.459 88 94.351 39 47.1376 
296 188 187.926 148 144.466 86 94.3558 39 47.14 
297 188 187.936 148 144.474 87 94.3606 40 47.1424 
298 188 187.945 146 144.481 87 94.3652 41 47.1447 
299 188 187.954 146 144.488 87 94.3697 41 47.1469 
300 188 187.963 147 144.495 89 94.3742 42 47.1491 
301 188 187.972 146 144.501 87 94.3786 39 47.1513 
302 188 187.98 147 144.508 87 94.3828 44 47.1534 
303 188 187.989 148 144.515 88 94.387 40 47.1555 
304 188 187.997 148 144.521 86 94.3911 39 47.1575 
305 188 188.005 148 144.527 88 94.3952 38 47.1595 
306 188 188.013 148 144.533 86 94.3991 39 47.1614 
307 188 188.021 147 144.539 87 94.403 40 47.1633 
308 188 188.028 150 144.545 88 94.4068 40 47.1652 
309 188 188.036 145 144.551 87 94.4105 41 47.167 
310 188 188.043 143 144.556 85 94.4141 41 47.1688 
311 188 188.05 145 144.562 86 94.4177 42 47.1706 
312 188 188.057 149 144.567 87 94.4212 39 47.1723 
313 188 188.064 147 144.573 87 94.4246 41 47.174 
314 188 188.071 147 144.578 90 94.428 38 47.1757 
315 188 188.077 151 144.583 88 94.4313 40 47.1773 
316 188 188.084 147 144.588 89 94.4345 41 47.1789 
317 188 188.09 144 144.593 88 94.4377 41 47.1805 
318 188 188.096 145 144.598 85 94.4407 41 47.182 
319 188 188.102 146 144.602 88 94.4438 43 47.1835 
320 188 188.108 146 144.607 87 94.4468 40 47.185 
321 188 188.114 146 144.611 87 94.4497 42 47.1864 
322 188 188.12 146 144.616 91 94.4525 40 47.1878 
323 188 188.125 146 144.62 88 94.4553 42 47.1892 
324 188 188.131 146 144.624 90 94.4581 41 47.1906 
325 188 188.136 146 144.629 88 94.4608 42 47.1919 
326 188 188.141 146 144.633 87 94.4634 41 47.1932 
327 188 188.147 146 144.637 86 94.466 42 47.1945 
328 188 188.152 146 144.641 87 94.4685 40 47.1957 
329 188 188.157 146 144.644 85 94.471 40 47.1969 
330 188 188.162 146 144.648 87 94.4734 41 47.1981 
331 188 188.166 146 144.652 88 94.4758 40 47.1993 
332 188 188.171 146 144.656 90 94.4781 44 47.2005 
333 188 188.176 146 144.659 86 94.4804 41 47.2016 
334 188 188.18 146 144.663 86 94.4827 43 47.2027 
335 188 188.184 146 144.666 87 94.4849 41 47.2038 
336 188 188.189 146 144.669 86 94.487 41 47.2049 
337 188 188.193 146 144.673 88 94.4891 39 47.2059 
338 188 188.197 146 144.676 87 94.4912 40 47.2069 
339 188 188.201 146 144.679 88 94.4932 40 47.2079 
340 188 188.205 146 144.682 88 94.4952 43 47.2089 
341 188 188.209 146 144.685 87 94.4971 42 47.2099 
342 188 188.213 146 144.688 87 94.4991 43 47.2108 
343 188 188.217 146 144.691 87 94.5009 43 47.2117 
344 188 188.22 146 144.694 87 94.5028 41 47.2126 
345 188 188.224 146 144.696 88 94.5045 40 47.2135 
346 188 188.227 146 144.699 89 94.5063 42 47.2144 
347 188 188.231 146 144.702 87 94.508 41 47.2153 
348 188 188.234 146 144.704 88 94.5097 40 47.2161 
349 188 188.238 146 144.707 86 94.5114 40 47.2169 
350 188 188.241 146 144.709 87 94.513 41 47.2177 
351 188 188.244 146 144.712 88 94.5146 41 47.2185 
352 188 188.247 146 144.714 87 94.5161 42 47.2193 
353 188 188.25 146 144.717 88 94.5177 42 47.22 
354 188 188.253 146 144.719 87 94.5192 40 47.2208 
355 188 188.256 146 144.721 87 94.5206 41 47.2215 
356 188 188.259 146 144.724 87 94.5221 38 47.2222 
357 188 188.262 146 144.726 88 94.5235 41 47.2229 
358 188 188.265 146 144.728 87 94.5249 40 47.2236 
359 188 188.267 146 144.73 88 94.5262 39 47.2242 
360 188 188.27 146 144.732 87 94.5275 40 47.2249 
361 188 188.273 146 144.734 87 94.5288 43 47.2255 
362 188 188.275 146 144.736 89 94.5301 42 47.2262 
363 188 188.278 146 144.738 86 94.5314 41 47.2268 
364 188 188.28 146 144.74 87 94.5326 39 47.2274 
365 188 188.282 146 144.742 89 94.5338 40 47.228 
366 188 188.285 146 144.743 90 94.535 40 47.2286 
367 188 188.287 146 144.745 88 94.5361 40 47.2291 
368 188 188.289 146 144.747 84 94.5372 40 47.2297 
369 188 188.292 146 144.749 88 94.5383 39 47.2302 
370 188 188.294 146 144.75 88 94.5394 41 47.2308 
371 188 188.296 146 144.752 86 94.5405 41 47.2313 
372 188 188.298 146 144.754 87 94.5415 40 47.2318 
373 188 188.3 146 144.755 88 94.5425 42 47.2323 
374 188 188.302 146 144.757 90 94.5435 39 47.2328 
375 188 188.304 146 144.758 87 94.5445 41 47.2333 
376 188 188.306 146 144.76 88 94.5455 39 47.2338 
377 188 188.308 146 144.761 86 94.5464 40 47.2342 
378 188 188.31 146 144.763 86 94.5473 40 47.2347 
379 188 188.311 146 144.764 86 94.5482 40 47.2351 
380 188 188.313 146 144.765 88 94.5491 39 47.2356 
381 188 188.315 146 144.767 87 94.55 41 47.236 
382 188 188.317 146 144.768 89 94.5509 41 47.2364 
383 188 188.318 146 144.769 88 94.5517 41 47.2368 
384 188 188.32 146 144.771 88 94.5525 40 47.2372 
385 188 188.322 146 144.772 88 94.5533 39 47.2376 
386 188 188.323 146 144.773 85 94.5541 41 47.238 
387 188 188.325 146 144.774 85 94.5549 40 47.2384 
388 188 188.326 146 144.775 86 94.5556 40 47.2388 
389 188 188.328 146 144.777 85 94.5563 40 47.2391 
390 188 188.329 146 144.778 90 94.5571 40 47.2395 
391 188 188.33 146 144.779 89 94.5578 41 47.2398 
392 188 188.332 146 144.78 89 94.5585 40 47.2402 
393 188 188.333 146 144.781 88 94.5592 41 47.2405 
394 188 188.335 146 144.782 88 94.5598 40 47.2408 
395 188 188.336 146 144.783 88 94.5605 40 47.2412 
396 188 188.337 146 144.784 85 94.5611 40 47.2415 
397 188 188.338 146 144.785 86 94.5617 40 47.2418 
398 188 188.34 146 144.786 88 94.5624 41 47.2421 
399 188 188.341 146 144.787 87 94.563 40 47.2424 
400 188 188.342 146 144.788 88 94.5635 40 47.2427 
401 188 188.343 146 144.789 87 94.5641 40 47.243 
402 188 188.344 146 144.789 87 94.5647 40 47.2433 
403 188 188.345 146 144.79 87 94.5653 41 47.2435 
404 188 188.347 146 144.791 88 94.5658 41 47.2438 
405 188 188.348 146 144.792 87 94.5663 42 47.2441 
406 188 188.349 146 144.793 88 94.5669 42 47.2443 
407 188 188.35 146 144.794 87 94.5674 40 47.2446 
408 188 188.351 146 144.794 87 94.5679 39 47.2448 
409 188 188.352 146 144.795 88 94.5684 40 47.2451 
410 188 188.353 146 144.796 88 94.5688 39 47.2453 
411 188 188.354 146 144.797 87 94.5693 40 47.2455 
412 188 188.355 146 144.797 88 94.5698 41 47.2458 
413 188 188.355 146 144.798 89 94.5702 41 47.246 
414 188 188.356 146 144.799 89 94.5707 42 47.2462 
415 188 188.357 146 144.799 88 94.5711 41 47.2464 
416 188 188.358 146 144.8 86 94.5715 41 47.2466 
417 188 188.359 146 144.801 88 94.572 39 47.2469 
418 188 188.36 146 144.801 87 94.5724 40 47.2471 
419 188 188.361 146 144.802 88 94.5728 39 47.2473 
420 188 188.361 146 144.803 87 94.5732 40 47.2474 
421 188 188.362 146 144.803 88 94.5736 40 47.2476 
422 188 188.363 146 144.804 89 94.5739 42 47.2478 
423 188 188.364 146 144.804 86 94.5743 42 47.248 
424 188 188.364 146 144.805 88 94.5747 42 47.2482 
425 188 188.365 146 144.805 87 94.575 41 47.2484 
426 188 188.366 146 144.806 88 94.5754 41 47.2485 
427 188 188.366 146 144.807 87 94.5757 41 47.2487 
428 188 188.367 146 144.807 88 94.5761 41 47.2489 
429 188 188.368 146 144.808 87 94.5764 40 47.249 
430 188 188.368 146 144.808 85 94.5767 41 47.2492 
431 188 188.369 146 144.809 87 94.577 40 47.2494 
432 188 188.37 146 144.809 86 94.5773 41 47.2495 
433 188 188.37 146 144.809 88 94.5776 41 47.2497 
434 188 188.371 146 144.81 87 94.5779 40 47.2498 
435 188 188.371 146 144.81 88 94.5782 42 47.2499 
436 188 188.372 146 144.811 88 94.5785 41 47.2501 
437 188 188.373 146 144.811 86 94.5788 40 47.2502 
438 188 188.373 146 144.812 86 94.5791 40 47.2504 
439 188 188.374 146 144.812 86 94.5793 41 47.2505 
440 188 188.374 146 144.813 88 94.5796 40 47.2506 
441 188 188.375 146 144.813 88 94.5799 42 47.2508 
442 188 188.375 146 144.813 88 94.5801 41 47.2509 
443 188 188.376 146 144.814 87 94.5804 41 47.251 
444 188 188.376 146 144.814 87 94.5806 42 47.2511 
445 188 188.377 146 144.814 87 94.5808 41 47.2512 
446 188 188.377 146 144.815 87 94.5811 41 47.2514 
447 188 188.378 146 144.815 85 94.5813 41 47.2515 
448 188 188.378 146 144.816 85 94.5815 41 47.2516 
449 188 188.378 146 144.816 87 94.5817 40 47.2517 
450 188 188.379 146 144.816 88 94.582 42 47.2518 
451 188 188.379 146 144.817 87 94.5822 40 47.2519 
452 188 188.38 146 144.817 90 94.5824 40 47.252 
453 188 188.38 146 144.817 88 94.5826 40 47.2521 
454 188 188.381 146 144.817 88 94.5828 41 47.2522 
455 188 188.381 146 144.818 86 94.583 41 47.2523 
456 188 188.381 146 144.818 87 94.5832 42 47.2524 
457 188 188.382 146 144.818 87 94.5833 41 47.2525 
458 188 188.382 146 144.819 86 94.5835 41 47.2526 
459 188 188.382 146 144.819 87 94.5837 41 47.2527 
460 188 188.383 146 144.819 90 94.5839 38 47.2527 
461 188 188.383 146 144.819 88 94.5841 40 47.2528 
462 188 188.383 146 144.82 90 94.5842 37 47.2529 
463 188 188.384 146 144.82 87 94.5844 39 47.253 
464 188 188.384 146 144.82 86 94.5846 42 47.2531 
465 188 188.384 146 144.82 86 94.5847 42 47.2532 
466 188 188.385 146 144.821 87 94.5849 43 47.2532 
467 188 188.385 146 144.821 86 94.585 41 47.2533 
468 188 188.385 146 144.821 88 94.5852 38 47.2534 
469 188 188.386 146 144.821 87 94.5853 39 47.2535 
470 188 188.386 146 144.822 89 94.5855 39 47.2535 
471 188 188.386 146 144.822 87 94.5856 40 47.2536 
472 188 188.386 146 144.822 88 94.5857 40 47.2537 
473 188 188.387 146 144.822 85 94.5859 40 47.2537 
474 188 188.387 146 144.822 87 94.586 41 47.2538 
475 188 188.387 146 144.823 85 94.5861 40 47.2539 
476 188 188.388 146 144.823 88 94.5863 42 47.2539 
477 188 188.388 146 144.823 88 94.5864 40 47.254 
478 188 188.388 146 144.823 87 94.5865 40 47.254 
479 188 188.388 146 144.823 87 94.5866 40 47.2541 
480 188 188.388 146 144.824 86 94.5867 40 47.2542 
481 188 188.389 146 144.824 87 94.5869 38 47.2542 
482 188 188.389 146 144.824 85 94.587 39 47.2543 
483 188 188.389 146 144.824 87 94.5871 40 47.2543 
484 188 188.389 146 144.824 87 94.5872 41 47.2544 
485 188 188.39 146 144.824 86 94.5873 41 47.2544 
486 188 188.39 146 144.825 89 94.5874 42 47.2545 
487 188 188.39 146 144.825 88 94.5875 41 47.2545 
488 188 188.39 146 144.825 86 94.5876 38 47.2546 
489 188 188.39 146 144.825 86 94.5877 39 47.2546 
490 188 188.391 146 144.825 86 94.5878 40 47.2547 
491 188 188.391 146 144.825 85 94.5879 41 47.2547 
492 188 188.391 146 144.826 86 94.588 41 47.2548 
493 188 188.391 146 144.826 88 94.5881 40 47.2548 
494 188 188.391 146 144.826 87 94.5882 42 47.2549 
495 188 188.391 146 144.826 87 94.5883 39 47.2549 
496 188 188.392 146 144.826 87 94.5883 41 47.2549 
497 188 188.392 146 144.826 87 94.5884 40 47.255 
498 188 188.392 146 144.826 87 94.5885 41 47.255 
499 188 188.392 146 144.826 87 94.5886 41 47.2551 
500 188 188.392 146 144.827 87 94.5887 41 47.2551 
501 188 188.392 146 144.827 87 94.5887 40 47.2551 
502 188 188.393 146 144.827 87 94.5888 39 47.2552 
503 188 188.393 146 144.827 87 94.5889 37 47.2552 
504 188 188.393 146 144.827 87 94.589 40 47.2552 
505 188 188.393 146 144.827 87 94.589 40 47.2553 
506 188 188.393 146 144.827 87 94.5891 42 47.2553 
507 188 188.393 146 144.827 87 94.5892 42 47.2554 
508 188 188.393 146 144.827 87 94.5892 42 47.2554 
509 188 188.394 146 144.828 87 94.5893 40 47.2554 
510 188 188.394 146 144.828 87 94.5894 39 47.2554 
511 188 188.394 146 144.828 87 94.5894 39 47.2555 
512 188 188.394 146 144.828 87 94.5895 40 47.2555 
513 188 188.394 146 144.828 87 94.5895 40 47.2555 
514 188 188.394 146 144.828 87 94.5896 43 47.2556 
515 188 188.394 146 144.828 87 94.5897 42 47.2556 
516 188 188.394 146 144.828 87 94.5897 42 47.2556 
517 188 188.395 146 144.828 87 94.5898 41 47.2557 
518 188 188.395 146 144.828 87 94.5898 40 47.2557 
519 188 188.395 146 144.828 87 94.5899 41 47.2557 
520 188 188.395 146 144.829 87 94.5899 43 47.2557 
521 188 188.395 146 144.829 87 94.59 42 47.2558 
522 188 188.395 146 144.829 87 94.59 42 47.2558 
523 188 188.395 146 144.829 87 94.5901 40 47.2558 
524 188 188.395 146 144.829 87 94.5901 38 47.2558 
525 188 188.395 146 144.829 87 94.5902 41 47.2559 
526 188 188.395 146 144.829 87 94.5902 41 47.2559 
527 188 188.396 146 144.829 87 94.5903 42 47.2559 
528 188 188.396 146 144.829 87 94.5903 43 47.2559 
529 188 188.396 146 144.829 87 94.5904 43 47.2559 
530 188 188.396 146 144.829 87 94.5904 42 47.256 
531 188 188.396 146 144.829 87 94.5904 40 47.256 
532 188 188.396 146 144.829 87 94.5905 39 47.256 
533 188 188.396 146 144.829 87 94.5905 39 47.256 
534 188 188.396 146 144.83 87 94.5906 40 47.256 
535 188 188.396 146 144.83 87 94.5906 42 47.2561 
536 188 188.396 146 144.83 87 94.5906 44 47.2561 
537 188 188.396 146 144.83 87 94.5907 43 47.2561 
538 188 188.396 146 144.83 87 94.5907 42 47.2561 
539 188 188.397 146 144.83 87 94.5908 42 47.2561 
540 188 188.397 146 144.83 87 94.5908 40 47.2562 
541 188 188.397 146 144.83 87 94.5908 41 47.2562 
542 188 188.397 146 144.83 87 94.5909 41 47.2562 
543 188 188.397 146 144.83 87 94.5909 42 47.2562 
544 188 188.397 146 144.83 87 94.5909 41 47.2562 
545 188 188.397 146 144.83 87 94.591 41 47.2562 
546 188 188.397 146 144.83 87 94.591 40 47.2563 
547 188 188.397 146 144.83 87 94.591 40 47.2563 
548 188 188.397 146 144.83 87 94.591 42 47.2563 
549 188 188.397 146 144.83 87 94.5911 42 47.2563 
550 188 188.397 146 144.83 87 94.5911 43 47.2563 
551 188 188.397 146 144.83 87 94.5911 40 47.2563 
552 188 188.397 146 144.83 87 94.5912 40 47.2563 
553 188 188.397 146 144.83 87 94.5912 39 47.2563 
554 188 188.397 146 144.831 87 94.5912 41 47.2564 
555 188 188.397 146 144.831 87 94.5912 42 47.2564 
556 188 188.398 146 144.831 87 94.5913 41 47.2564 
557 188 188.398 146 144.831 87 94.5913 44 47.2564 
558 188 188.398 146 144.831 87 94.5913 41 47.2564 
559 188 188.398 146 144.831 87 94.5913 40 47.2564 
560 188 188.398 146 144.831 87 94.5914 40 47.2564 
561 188 188.398 146 144.831 87 94.5914 39 47.2564 
562 188 188.398 146 144.831 87 94.5914 41 47.2565 
563 188 188.398 146 144.831 87 94.5914 42 47.2565 
564 188 188.398 146 144.831 87 94.5914 42 47.2565 
565 188 188.398 146 144.831 87 94.5915 40 47.2565 
566 188 188.398 146 144.831 87 94.5915 39 47.2565 
567 188 188.398 146 144.831 87 94.5915 40 47.2565 
568 188 188.398 146 144.831 87 94.5915 39 47.2565 
569 188 188.398 146 144.831 87 94.5915 41 47.2565 
570 188 188.398 146 144.831 87 94.5916 42 47.2565 
571 188 188.398 146 144.831 87 94.5916 42 47.2565 
572 188 188.398 146 144.831 87 94.5916 42 47.2566 
573 188 188.398 146 144.831 87 94.5916 39 47.2566 
574 188 188.398 146 144.831 87 94.5916 38 47.2566 
575 188 188.398 146 144.831 87 94.5917 38 47.2566 
576 188 188.398 146 144.831 87 94.5917 40 47.2566 
577 188 188.398 146 144.831 87 94.5917 40 47.2566 
578 188 188.398 146 144.831 87 94.5917 43 47.2566 
579 188 188.398 146 144.831 87 94.5917 43 47.2566 
580 188 188.398 146 144.831 87 94.5917 42 47.2566 
581 188 188.399 146 144.831 87 94.5918 40 47.2566 
582 188 188.399 146 144.831 87 94.5918 39 47.2566 
583 188 188.399 146 144.831 87 94.5918 40 47.2566 
584 188 188.399 146 144.831 87 94.5918 38 47.2567 
585 188 188.399 146 144.831 87 94.5918 41 47.2567 
586 188 188.399 146 144.831 87 94.5918 40 47.2567 
587 188 188.399 146 144.831 87 94.5918 42 47.2567 
588 188 188.399 146 144.831 87 94.5919 42 47.2567 
589 188 188.399 146 144.832 87 94.5919 41 47.2567 
590 188 188.399 146 144.832 87 94.5919 40 47.2567 
591 188 188.399 146 144.832 87 94.5919 40 47.2567 
592 188 188.399 146 144.832 87 94.5919 39 47.2567 
593 188 188.399 146 144.832 87 94.5919 40 47.2567 
594 188 188.399 146 144.832 87 94.5919 42 47.2567 
595 188 188.399 146 144.832 87 94.5919 41 47.2567 
596 188 188.399 146 144.832 87 94.5919 40 47.2567 
597 188 188.399 146 144.832 87 94.592 41 47.2567 
598 188 188.399 146 144.832 87 94.592 41 47.2567 
